    #         X           Y           Z       CHARGE      MIN DIST   ATOMIC VOL
 --------------------------------------------------------------------------------
    1    7.014352    1.188286    9.802891   11.081776     1.163443    19.699336
    2    9.528527    1.308896    9.897382   11.095222     1.146001    18.347139
    3    1.929633    1.244279   10.085190   11.095200     1.095947    16.418589
    4    4.308271    1.155293    9.703579   11.082196     1.142889    19.714042
    5    8.165417    3.466186    9.933871   11.123824     1.126358    17.126402
    6    0.562588    3.454761    9.894821   11.099333     1.112151    17.242415
    7    3.107194    3.430022    9.810996   11.052548     1.171839    16.852784
    8    5.666798    3.422426    9.857730   11.103123     1.128586    17.810597
    9    9.542774    5.506704    9.960386   11.032885     1.115881    15.727265
   10    1.935463    5.626734    9.962435   11.060432     1.126083    16.263806
   11    4.451514    5.635999    9.987444   11.124938     1.120631    15.017966
   12    6.947355    5.520746   10.103991   11.091434     1.126065    15.256528
   13    0.406244    7.866372    9.870716   11.076790     1.146165    16.182850
   14    3.028079    7.750416    9.865925   11.044763     1.124860    16.520639
   15    5.703384    7.773363    9.781859   11.073322     1.162646    22.140809
   16    8.055617    7.742109    9.879213   11.060163     1.137131    16.310003
   17    5.705473    1.970808   11.977002   10.997174     1.151436    11.806144
   18    8.278239    1.862159   11.925599   10.997643     1.141773    11.758164
   19    0.764513    1.910424   12.003006   11.000098     1.083860    11.481426
   20    3.200080    1.939299   11.928793   11.001847     1.090951    11.380565
   21    7.028022    4.110658   12.031389   11.004297     1.118195    11.311194
   22    9.571309    4.155023   11.938194   10.991419     1.119153    11.340012
   23    1.989248    4.103298   11.944099   10.982657     1.161842    11.404183
   24    4.515763    4.105178   11.874014   10.998238     1.126186    11.378336
   25    8.201851    6.374629   12.046214   10.997258     1.127480    11.199786
   26    0.589774    6.207898   11.939308   10.991594     1.115347    11.254896
   27    3.215544    6.375376   11.914601   11.007433     1.122251    11.285051
   28    5.603045    6.308256   12.114009   11.002948     1.086281    11.299162
   29    9.512596    8.405382   12.000414   10.996764     1.128222    11.409085
   30    1.856581    8.396750   11.910593   11.001335     1.134425    11.462115
   31    4.418568    8.576558   11.964709   10.987337     1.159997    11.836595
   32    7.041498    8.505293   11.965402   10.992939     1.130149    11.587784
   33    5.703962    0.365912   14.030589   10.982367     1.169025    11.416661
   34    8.239056    0.365912   14.030589   11.037327     1.154028    11.569661
   35    0.633774    0.365912   14.030589   11.013385     1.169372    11.528515
   36    3.168868    0.365912   14.030589   11.006525     1.159171    11.583624
   37    6.971509    2.561368   14.030589   11.011877     1.163344    11.487516
   38    9.506603    2.561368   14.030589   10.991973     1.181338    11.524207
   39    1.901321    2.561368   14.030589   11.046954     1.128471    11.599667
   40    4.436415    2.561368   14.030589   11.011010     1.161679    11.536833
   41    8.239056    4.756824   14.030589   11.017160     1.128471    11.441765
   42    0.633774    4.756824   14.030589   11.014986     1.159171    11.519008
   43    3.168868    4.756824   14.030589   11.009979     1.159171    11.649132
   44    5.703962    4.756824   14.030589   11.010637     1.151714    11.388289
   45    9.506603    6.952280   14.030589   11.013162     1.136188    11.363333
   46    1.901321    6.952280   14.030589   10.991331     1.190169    11.502965
   47    4.436415    6.952280   14.030589   11.044578     1.083274    11.479495
   48    6.971509    6.952280   14.030589   11.017541     1.122070    11.323969
   49    6.971509    1.097728   16.100507   11.011848     1.159951    11.559263
   50    9.506603    1.097728   16.100507   11.014404     1.161579    11.449935
   51    1.901321    1.097728   16.100507   11.034249     1.146511    11.670077
   52    4.436415    1.097728   16.100507   10.979981     1.181315    11.500143
   53    8.239056    3.293184   16.100507   10.990427     1.190145    11.498954
   54    0.633774    3.293184   16.100507   11.040214     1.122907    11.477712
   55    3.168868    3.293184   16.100507   10.988348     1.174418    11.558966
   56    5.703962    3.293184   16.100507   11.039632     1.166710    11.643488
   57    9.506603    5.488640   16.100507   11.039028     1.125276    11.545300
   58    1.901321    5.488640   16.100507   10.985687     1.181315    11.546637
   59    4.436415    5.488640   16.100507   11.014304     1.176213    11.573672
   60    6.971509    5.488640   16.100507   11.014313     1.091128    11.355758
   61    0.633774    7.684096   16.100507   10.993766     1.146511    11.443844
   62    3.168868    7.684096   16.100507   11.017811     1.128495    11.516185
   63    5.703962    7.684096   16.100507   11.017668     1.169050    11.489447
   64    8.239056    7.684096   16.100507   11.043034     1.128495    11.447261
   65    5.754694    1.935286   18.169100   10.992996     1.162343    11.609917
   66    8.378527    1.890261   18.214688   10.996805     1.149089    11.661313
   67    0.732480    1.873119   18.135895   10.993759     1.159234    11.601450
   68    3.298969    1.845799   18.331296   10.989357     1.119994    11.477861
   69    6.993159    4.102543   18.214085   11.003495     1.085448    11.158937
   70    9.661356    4.122197   18.071204   10.998864     1.127363    11.303173
   71    1.957468    3.999568   18.192602   10.992712     1.154556    11.481575
   72    4.469969    4.016613   18.214206   11.005103     1.145110    11.421563
   73    8.335471    6.287022   18.154094   10.995485     1.131789    11.236328
   74    0.756371    6.288664   18.223486   11.003993     1.105167    11.334516
   75    3.286212    6.272848   18.242499   10.989714     1.123848    11.651509
   76    5.867384    6.133428   18.074910   10.997182     1.091922    11.454391
   77    9.564150    8.456642   18.101696   11.005203     1.128307    11.216720
   78    2.110131    8.467479   18.142012   11.010921     1.131437    11.418592
   79    4.551427    8.433010   18.181905   10.996947     1.137133    11.535348
   80    7.098517    8.448001   18.105312   10.987165     1.132366    11.530594
   81    5.790368    0.343580   20.167306   11.110524     1.144479    17.279403
   82    8.325706    0.389588   20.134915   11.093825     1.121847    17.409379
   83    0.661862    0.407090   20.229888   11.087125     1.133694    17.721025
   84    3.191126    0.442349   20.268607   11.075688     1.130379    16.460330
   85    7.065693    2.654403   20.213105   11.078399     1.121766    15.560301
   86    9.646774    2.665723   20.304312   11.065279     1.179969    16.510093
   87    2.005280    2.671448   20.325615   11.082009     1.161373    16.672897
   88    4.521016    2.577114   20.435593   11.080563     1.157696    16.738851
   89    8.243640    4.727256   20.077003   11.110106     1.085215    16.017223
   90    0.634169    4.885223   20.111804   11.061443     1.105757    16.530740
   91    3.324705    4.725842   20.299611   11.066257     1.150839    15.424829
   92    5.716120    4.746163   20.207591   11.074288     1.143992    16.515292
   93    9.534956    7.129269   20.103307   11.071468     1.121086    17.269005
   94    2.016069    7.104030   20.137807   11.067816     1.132171    15.480681
   95    4.560016    7.038360   20.308289   11.080001     1.140247    16.260390
   96    7.028265    6.804623   20.336010   11.082778     1.136017    19.082135
   97    1.180238    4.792101    2.545719    7.338205     0.716720    22.666061
   98    6.702607    7.415961    4.110247    7.327985     0.730450    27.343866
   99    8.710462    2.561957    1.677430    7.346896     0.687149    24.199185
  100    0.651296    1.690729   24.307594    7.384943     0.699519    22.267517
  101    3.184910    2.498569   23.548199    7.293423     0.716266    20.724588
  102    1.840002    3.576451    6.595553    7.341226     0.714157    23.431658
  103    8.649093    3.376884   23.087795    7.332320     0.720013    22.572924
  104    9.168675    0.338820    3.721345    7.386623     0.726525    21.189532
  105    9.389452    7.771923   28.264413    7.297234     0.758893    25.453047
  106    3.298614    2.568684   26.997309    7.333688     0.731746    22.022567
  107    1.068360    1.652810    1.179543    7.346743     0.770743    21.439680
  108    1.351428    6.421173   27.622891    7.267872     0.682768    24.762316
  109    1.924339    7.899988    6.465447    7.361840     0.727004    23.401355
  110    1.204038    4.284239   26.299201    7.320057     0.722773    18.955130
  111    4.157727    8.359708    3.643878    7.306382     0.726367    26.025091
  112    5.658411    2.389157    6.154042    7.271704     0.729258    23.131747
  113    7.738791    2.431072    4.597709    7.369526     0.719678    21.647939
  114    4.793123    7.438038   29.454894    7.376173     0.742830    24.360059
  115    2.334933    7.861814   23.328513    7.344381     0.721862    19.235581
  116    6.404743    6.769618    1.138987    7.272291     0.698773    22.252365
  117    5.690455    3.472263   25.520311    7.350514     0.719678    23.247166
  118    7.374417    4.448020   29.769885    7.325724     0.707276    24.673636
  119    5.169534    1.242760   28.884813    7.314026     0.690554    26.419624
  120    1.591269    5.007387   23.569893    7.351023     0.692529    20.980976
  121    8.265229    5.277990    7.043723    7.268521     0.716642    22.726964
  122    7.323725    6.037565   27.607796    7.346251     0.728390    22.959584
  123    2.275693    8.188524    0.914028    7.314461     0.728617    23.470576
  124    7.380075    2.415370   27.337610    7.357859     0.728871    29.399569
  125    1.182885    1.700082    4.021391    7.293007     0.735234    20.711665
  126    4.203785    5.826679   23.127207    7.322921     0.713732    22.498354
  127    3.676039    3.731397    2.359267    7.315451     0.709607    25.076190
  128    3.181766    1.293730    5.839051    7.328401     0.727078    21.414427
  129    5.587997    1.610253    1.650252    7.301144     0.707819    25.831240
  130    3.602775    5.687443    6.960501    7.361750     0.743034    23.702454
  131    7.290120    8.112087   23.793105    7.317505     0.737640    26.897342
  132    5.979861    5.131922    5.593030    7.334226     0.728587    20.560447
  133    9.331976    8.332757    6.901806    7.220100     0.696929    27.040984
  134    0.393832    6.116198    0.360700    7.330786     0.707496    21.871498
  135    6.399399    1.907623   23.450785    7.348953     0.716112    22.349810
  136    9.036536    8.143140    1.249930    7.362253     0.703768    22.030589
  137    9.767586    4.048412    4.882237    7.315594     0.715700    23.902988
  138    5.358895    6.586254   25.813698    7.330699     0.707646    27.146302
  139    6.426920    4.277021    3.088019    7.338960     0.725087    23.201414
  140    4.049762    4.317689   29.713208    7.321280     0.716648    27.159968
  141    1.120593    2.822188   28.921392    7.368988     0.709434    25.419773
  142   10.036296    1.404582   26.968293    7.298869     0.741474    23.141848
  143    9.820681    7.425542   24.158806    7.343290     0.720887    23.431063
  144    3.215929    8.515928   25.791491    7.359210     0.712662    28.302273
  145    9.040481    5.173654   25.600792    7.327269     0.738176    22.794700
  146    1.734086    7.212170    3.464206    7.360318     0.723746    24.394075
  147    0.715322    4.855418    1.623766    0.353961     0.124718     2.662655
  148    1.328045    5.683219    2.833531    0.308613     0.079725     1.414735
  149    7.564478    7.875522    4.230049    0.324209     0.110338     2.570557
  150    6.646034    6.805018    4.850810    0.355802     0.113410     2.521389
  151    5.070148    7.981080    3.711371    0.358985     0.126100     1.960189
  152    8.173732    1.835190    1.943578    0.346618     0.080528     2.684639
  153    1.562754    1.748488   23.954397    0.316330     0.098569     1.668151
  154    0.044628    2.183662   23.775388    0.321772     0.086711     2.041888
  155    3.443631    3.311002   24.064887    0.384796     0.097961     3.297532
  156    3.015596    2.970171   22.736496    0.364774     0.068200     2.293819
  157   10.055299    0.562493    3.955976    0.300991     0.088075     1.448009
  158    1.242277    3.467890    7.355068    0.383498     0.093201     3.443403
  159    1.260094    8.034543    7.121763    0.344579     0.082301     2.234847
  160    8.921585    3.981767   23.845292    0.355653     0.100664     2.585115
  161    1.553546    0.742986    1.109097    0.338941     0.121405     1.495989
  162    8.651111    1.142823    4.053571    0.330136     0.105902     1.571152
  163   10.132995    7.344310   27.676314    0.354712     0.125886     2.051247
  164    3.280250    1.697448   26.597107    0.329068     0.088029     2.273914
  165    4.046923    3.044737   26.537598    0.333022     0.096589     2.482768
  166    7.238972    7.240921    1.299194    0.354457     0.115283     2.335412
  167    1.195307    1.973329    0.221795    0.350904     0.113415     1.937016
  168    4.471602    1.704974   28.444597    0.359781     0.106010     2.296345
  169    2.197714    6.747936   27.273401    0.411507     0.138672     4.327241
  170    1.323745    5.465359   27.220611    0.334509     0.135663     1.545899
  171    2.345713    4.350832    6.734367    0.307238     0.098135     1.659684
  172    2.466170    8.711359    6.410940    0.328837     0.106143     1.595216
  173    1.576210    3.408902   26.502797    0.345790     0.103810     1.821449
  174    0.234050    4.135519   26.242615    0.320984     0.116931     2.223261
  175    8.919567    3.804392   22.277298    0.369199     0.080939     2.318478
  176    4.427583    0.232595    2.991810    0.361667     0.090156     2.882946
  177    5.750456    2.176803    7.118901    0.410467     0.125727     3.677211
  178    8.381093    3.130387    4.906703    0.319452     0.101053     1.610219
  179    7.016827    2.309699    5.205032    0.316610     0.103011     1.519756
  180    4.400802    6.550740   29.272089    0.348868     0.108139     3.280598
  181    5.449844    7.274784    0.001386    0.278579     0.070915     1.186868
  182    3.086264    7.312019   23.051005    0.306057     0.082387     1.677361
  183    2.088624    8.531937   22.642789    0.398910     0.134258     2.956326
  184    5.278705    3.271344    6.237354    0.343768     0.099716     2.754306
  185    6.343049    6.364258    1.996669    0.349468     0.100397     2.465239
  186    5.910035    4.376800   25.475597    0.328112     0.105356     2.611704
  187    5.811775    2.928387   24.675706    0.318622     0.106050     1.652108
  188    9.541841    8.747786   27.999591    0.375799     0.131960     2.645869
  189    7.082901    5.183893    0.192990    0.357011     0.105184     2.102494
  190    7.819589    3.820278    0.208507    0.324150     0.087369     2.391710
  191    4.925394    0.306556   28.938206    0.335444     0.118207     1.854574
  192    1.379203    4.657862   24.416488    0.332772     0.107247     1.701574
  193    8.917579    4.711124    6.549483    0.357332     0.093794     2.600266
  194    7.301213    5.308674   28.255193    0.326325     0.123820     1.707218
  195    7.906584    4.679149    7.817762    0.445734     0.124811     3.289511
  196    1.080112    5.808799   23.352407    0.337931     0.100746     2.383094
  197    7.948464    6.781606   27.873914    0.325185     0.104490     2.113190
  198    3.107924    8.094857    0.415207    0.351132     0.101622     2.542185
  199    1.679551    7.481938    0.605937    0.324245     0.087432     1.873588
  200    6.907929    2.887710   26.615005    0.344422     0.097311     1.820261
  201    2.061620    1.439850    4.434036    0.353931     0.133496     2.045751
  202    3.407329    5.277279   23.055404    0.345756     0.099166     1.747474
  203    6.640456    1.897489   27.679809    0.317549     0.079936     2.435233
  204    4.519911    5.821076   22.228214    0.412249     0.107315     2.074271
  205    4.153123    4.350454    2.930433    0.374982     0.106936     4.514852
  206    2.782114    4.130092    2.230517    0.331560     0.120750     1.801544
  207    2.723908    2.103537    6.215961    0.331277     0.103333     1.805109
  208    5.129814    1.542167    0.779191    0.370628     0.097302     2.793522
  209    4.129324    1.407322    5.871502    0.342231     0.124735     2.162506
  210    5.311783    2.480848    1.925680    0.345792     0.107791     1.981728
  211    2.016373    2.916338   28.711198    0.318125     0.097912     2.098632
  212    4.040423    5.660237    7.848887    0.428178     0.129191     2.562387
  213    3.143061    6.516904    6.908163    0.284764     0.088629     1.627005
  214    7.066991    0.275512   23.642087    0.326519     0.097076     1.799316
  215    6.809973    5.124423    6.105500    0.346165     0.106373     1.650177
  216    9.230238    7.473253    7.282151    0.394215     0.126002     2.855019
  217    5.370435    5.704796    6.097727    0.333362     0.093049     2.813427
  218    7.105545    7.785921   22.886308    0.402029     0.107161     3.461971
  219    9.248744    0.003249    7.809476    0.464823     0.128102     3.025102
  220    9.839877    6.687341    0.751621    0.333667     0.080114     1.877599
  221    0.058601    6.044810   29.630287    0.329076     0.086727     2.750296
  222    1.374548    2.105811    3.126315    0.357028     0.122156     2.331847
  223    9.283211    8.463202    2.107220    0.286387     0.079392     1.348781
  224    0.454836    3.668704    5.201868    0.324414     0.101993     1.884283
  225    9.308876    0.011838    0.617839    0.344998     0.096365     3.374478
  226    5.903109    1.916624   22.646404    0.353831     0.089816     2.428103
  227    9.915484    4.249112    3.911683    0.351414     0.130656     2.846998
  228    6.015525    6.549001   26.496590    0.318183     0.092569     1.767527
  229    5.682657    7.224991   25.166602    0.359718     0.098459     3.168596
  230    9.559526    2.092788    1.499837    0.330775     0.094888     1.507278
  231    6.086051    4.523500    3.987493    0.357378     0.107922     1.845662
  232    3.713244    4.199732    0.470528    0.341521     0.102228     2.148989
  233    6.875480    3.433886    3.268534    0.331352     0.093582     1.748514
  234    4.949346    4.036442   29.779888    0.353825     0.102408     2.919933
  235    0.793647    2.365226   28.169410    0.307870     0.069263     1.415478
  236    7.271705    2.431134   23.313899    0.325601     0.119947     1.690879
  237    0.198042    1.372353   26.039802    0.334183     0.114837     1.861259
  238    9.047457    1.726682   26.941295    0.369441     0.139709     2.655970
  239    0.559353    7.907497   24.122408    0.358258     0.108626     2.187907
  240    9.144693    8.057034   23.879702    0.317761     0.075122     2.313427
  241    3.840597    7.814778   25.943292    0.341916     0.087576     2.140670
  242    2.858704    8.430937   24.865200    0.333388     0.111663     1.671122
  243    9.289630    6.079999   25.239188    0.338991     0.124104     1.990344
  244    8.360538    5.343678   26.331712    0.355514     0.112269     1.984996
  245    2.260777    7.864624    2.969905    0.313281     0.097224     1.787432
  246    1.860414    7.265212    4.380192    0.319941     0.092405     2.358585
 --------------------------------------------------------------------------------
    VACUUM CHARGE:               0.0000
    VACUUM VOLUME:               0.0000
    NUMBER OF ELECTRONS:      1459.9122
