    #         X           Y           Z       CHARGE      MIN DIST   ATOMIC VOL
 --------------------------------------------------------------------------------
    1    7.014352    1.188286    9.802891   11.024342     1.163443    19.271232
    2    9.528527    1.308896    9.897382   11.040944     1.150282    18.022569
    3    1.929633    1.244279   10.085190   11.055470     1.095947    16.281929
    4    4.308271    1.155293    9.703579   11.014919     1.142889    19.234839
    5    8.165417    3.466186    9.933871   11.069247     1.126358    16.823224
    6    0.562588    3.454761    9.894821   11.038404     1.112151    16.837187
    7    3.107194    3.430022    9.810996   10.999436     1.171839    16.630562
    8    5.666798    3.422426    9.857730   11.041771     1.128586    17.465529
    9    9.542774    5.506704    9.960386   10.990113     1.115881    15.575898
   10    1.935463    5.626734    9.962435   11.014315     1.126083    16.058667
   11    4.451514    5.635999    9.987444   11.074243     1.120631    14.831543
   12    6.947355    5.520746   10.103991   11.049556     1.126065    15.149725
   13    0.406244    7.866372    9.870716   11.022330     1.146165    15.966272
   14    3.028079    7.750416    9.865925   10.997230     1.124860    16.348476
   15    5.703384    7.773363    9.781859   11.013104     1.162646    21.527915
   16    8.055617    7.742109    9.879213   11.012583     1.137131    16.154032
   17    5.705473    1.970808   11.977002   10.978392     1.151436    11.799014
   18    8.278239    1.862159   11.925599   10.978423     1.136009    11.750885
   19    0.764513    1.910424   12.003006   10.982868     1.083860    11.481278
   20    3.200080    1.939299   11.928793   10.983661     1.090951    11.372692
   21    7.028022    4.110658   12.031389   10.987173     1.118195    11.307481
   22    9.571309    4.155023   11.938194   10.972411     1.119153    11.333327
   23    1.989248    4.103298   11.944099   10.964356     1.160728    11.396904
   24    4.515763    4.105178   11.874014   10.978243     1.123308    11.366156
   25    8.201851    6.374629   12.046214   10.980521     1.127480    11.198301
   26    0.589774    6.207898   11.939308   10.974175     1.115347    11.251034
   27    3.215544    6.375376   11.914601   10.988719     1.115638    11.276732
   28    5.603045    6.308256   12.114009   10.985862     1.086281    11.295894
   29    9.512596    8.405382   12.000414   10.978395     1.128222    11.401361
   30    1.856581    8.396750   11.910593   10.982748     1.134425    11.454688
   31    4.418568    8.576558   11.964709   10.968474     1.159997    11.827534
   32    7.041498    8.505293   11.965402   10.974261     1.130149    11.579614
   33    5.703962    0.365912   14.030589   10.965246     1.169025    11.413096
   34    8.239056    0.365912   14.030589   11.019846     1.154028    11.568324
   35    0.633774    0.365912   14.030589   10.995136     1.169372    11.522870
   36    3.168868    0.365912   14.030589   10.989739     1.159171    11.584070
   37    6.971509    2.561368   14.030589   10.995120     1.161679    11.486625
   38    9.506603    2.561368   14.030589   10.973124     1.181338    11.518414
   39    1.901321    2.561368   14.030589   11.029193     1.128471    11.598925
   40    4.436415    2.561368   14.030589   10.994174     1.159171    11.536833
   41    8.239056    4.756824   14.030589   10.998299     1.128471    11.434338
   42    0.633774    4.756824   14.030589   10.998160     1.159171    11.520345
   43    3.168868    4.756824   14.030589   10.991002     1.159171    11.642151
   44    5.703962    4.756824   14.030589   10.993451     1.151714    11.386952
   45    9.506603    6.952280   14.030589   10.995320     1.136188    11.361551
   46    1.901321    6.952280   14.030589   10.973522     1.190169    11.501034
   47    4.436415    6.952280   14.030589   11.026627     1.083274    11.476821
   48    6.971509    6.952280   14.030589   10.999223     1.122070    11.318325
   49    6.971509    1.097728   16.100507   10.994433     1.159951    11.555847
   50    9.506603    1.097728   16.100507   10.995488     1.161579    11.442359
   51    1.901321    1.097728   16.100507   11.015976     1.146511    11.666809
   52    4.436415    1.097728   16.100507   10.962642     1.181315    11.499846
   53    8.239056    3.293184   16.100507   10.972059     1.182588    11.493458
   54    0.633774    3.293184   16.100507   11.023009     1.122907    11.479198
   55    3.168868    3.293184   16.100507   10.970065     1.174418    11.554361
   56    5.703962    3.293184   16.100507   11.021921     1.166710    11.640963
   57    9.506603    5.488640   16.100507   11.022304     1.125276    11.547528
   58    1.901321    5.488640   16.100507   10.967425     1.181315    11.544409
   59    4.436415    5.488640   16.100507   10.996902     1.176213    11.571444
   60    6.971509    5.488640   16.100507   10.995457     1.091128    11.348033
   61    0.633774    7.684096   16.100507   10.977516     1.146511    11.449489
   62    3.168868    7.684096   16.100507   10.999142     1.128495    11.511729
   63    5.703962    7.684096   16.100507   10.999627     1.169050    11.485585
   64    8.239056    7.684096   16.100507   11.025631     1.128495    11.449489
   65    5.754694    1.935286   18.169100   10.973965     1.162343    11.600707
   66    8.378527    1.890261   18.214688   10.979125     1.149089    11.656708
   67    0.732480    1.873119   18.135895   10.973587     1.159234    11.589121
   68    3.298969    1.845799   18.331296   10.968875     1.119994    11.465235
   69    6.993159    4.102543   18.214085   10.985452     1.085448    11.152104
   70    9.661356    4.122197   18.071204   10.980644     1.127363    11.296340
   71    1.957468    3.999568   18.192602   10.973972     1.154556    11.474147
   72    4.469969    4.016613   18.214206   10.986232     1.145110    11.413096
   73    8.335471    6.287022   18.154094   10.975899     1.131789    11.224593
   74    0.756371    6.288664   18.223486   10.985994     1.105167    11.329168
   75    3.286212    6.272848   18.242499   10.971798     1.123848    11.649281
   76    5.867384    6.133428   18.074910   10.978479     1.091922    11.445924
   77    9.564150    8.456642   18.101696   10.987177     1.128307    11.211224
   78    2.110131    8.467479   18.142012   10.991761     1.131437    11.409679
   79    4.551427    8.433010   18.181905   10.977617     1.133701    11.525841
   80    7.098517    8.448001   18.105312   10.968850     1.132366    11.523464
   81    5.790368    0.343580   20.167306   11.055174     1.144479    17.002814
   82    8.325706    0.389588   20.134915   11.040260     1.121847    17.124174
   83    0.661862    0.407090   20.229888   11.026020     1.133694    17.357834
   84    3.191126    0.442349   20.268607   11.019585     1.130379    16.211964
   85    7.065693    2.654403   20.213105   11.024679     1.121766    15.369273
   86    9.646774    2.665723   20.304312   11.005290     1.179969    16.252368
   87    2.005280    2.671448   20.325615   11.020825     1.161373    16.402249
   88    4.521016    2.577114   20.435593   11.011278     1.157696    16.373283
   89    8.243640    4.727256   20.077003   11.059521     1.085215    15.799903
   90    0.634169    4.885223   20.111804   11.013295     1.105757    16.358132
   91    3.324705    4.725842   20.299611   11.007523     1.150839    15.212113
   92    5.716120    4.746163   20.207591   11.025986     1.143992    16.297971
   93    9.534956    7.129269   20.103307   11.022101     1.121086    17.017371
   94    2.016069    7.104030   20.137807   11.018314     1.133666    15.307033
   95    4.560016    7.038360   20.308289   11.022969     1.140247    16.007122
   96    7.028265    6.804623   20.336010   11.012242     1.136017    18.534601
   97    1.180238    4.792101    2.545719    7.328352     0.716720    22.827528
   98    6.702607    7.415961    4.110247    7.307411     0.730450    27.695916
   99    8.710462    2.561957    1.677430    7.283312     0.687149    23.908633
  100    0.651296    1.690729   24.307594    7.358238     0.699519    22.421854
  101    3.184910    2.498569   23.548199    7.276917     0.716266    20.930768
  102    1.840002    3.576451    6.595553    7.305629     0.714157    23.449334
  103    8.649093    3.376884   23.087795    7.314791     0.705390    22.786085
  104    9.168675    0.338820    3.721345    7.344291     0.726525    21.171409
  105    9.389452    7.771923   28.264413    7.264824     0.758893    25.468793
  106    3.298614    2.568684   26.997309    7.319743     0.731746    22.110654
  107    1.068360    1.652810    1.179543    7.314697     0.770743    21.368676
  108    1.351428    6.421173   27.622891    7.255205     0.682768    24.882637
  109    1.924339    7.899988    6.465447    7.336827     0.727004    23.564753
  110    1.204038    4.284239   26.299201    7.318153     0.722773    19.090157
  111    4.157727    8.359708    3.643878    7.276650     0.726367    26.076784
  112    5.658411    2.389157    6.154042    7.230136     0.729258    23.230083
  113    7.738791    2.431072    4.597709    7.357759     0.719678    21.967309
  114    4.793123    7.438038   29.454894    7.371340     0.742830    24.579310
  115    2.334933    7.861814   23.328513    7.304226     0.721862    19.285938
  116    6.404743    6.769618    1.138987    7.261337     0.698773    22.386798
  117    5.690455    3.472263   25.520311    7.334824     0.719678    23.382489
  118    7.374417    4.448020   29.769885    7.309810     0.681496    24.797967
  119    5.169534    1.242760   28.884813    7.309083     0.690554    26.682250
  120    1.591269    5.007387   23.569893    7.352798     0.692529    21.250880
  121    8.265229    5.277990    7.043723    7.240400     0.716642    22.908633
  122    7.323725    6.037565   27.607796    7.375455     0.753891    23.309109
  123    2.275693    8.188524    0.914028    7.313134     0.728617    23.677053
  124    7.380075    2.415370   27.337610    7.348915     0.728871    29.723989
  125    1.182885    1.700082    4.021391    7.278510     0.735234    20.837036
  126    4.203785    5.826679   23.127207    7.274400     0.713732    22.468349
  127    3.676039    3.731397    2.359267    7.304793     0.709607    25.329904
  128    3.181766    1.293730    5.839051    7.314695     0.727078    21.731569
  129    5.587997    1.610253    1.650252    7.275817     0.707819    25.894817
  130    3.602775    5.687443    6.960501    7.317042     0.743034    23.617486
  131    7.290120    8.112087   23.793105    7.244412     0.700501    26.598471
  132    5.979861    5.131922    5.593030    7.310936     0.728587    20.668141
  133    9.331976    8.332757    6.901806    7.151195     0.696929    26.888875
  134    0.393832    6.116198    0.360700    7.317131     0.707496    21.971617
  135    6.399399    1.907623   23.450785    7.304611     0.716112    22.311040
  136    9.036536    8.143140    1.249930    7.346807     0.703768    22.118973
  137    9.767586    4.048412    4.882237    7.313202     0.715700    24.238847
  138    5.358895    6.586254   25.813698    7.322512     0.707646    27.273159
  139    6.426920    4.277021    3.088019    7.302916     0.725087    23.123725
  140    4.049762    4.317689   29.713208    7.308760     0.716648    27.323218
  141    1.120593    2.822188   28.921392    7.362619     0.709434    25.656998
  142   10.036296    1.404582   26.968293    7.285266     0.741474    23.319655
  143    9.820681    7.425542   24.158806    7.326557     0.720887    23.692056
  144    3.215929    8.515928   25.791491    7.341328     0.712662    28.401055
  145    9.040481    5.173654   25.600792    7.335494     0.738176    23.093571
  146    1.734086    7.212170    3.464206    7.326485     0.723746    24.394521
  147    0.715322    4.855418    1.623766    0.344392     0.124718     2.607842
  148    1.328045    5.683219    2.833531    0.308868     0.079725     1.426767
  149    7.564478    7.875522    4.230049    0.327670     0.110338     2.631312
  150    6.646034    6.805018    4.850810    0.365373     0.113410     2.634134
  151    5.070148    7.981080    3.711371    0.353966     0.126100     1.940730
  152    8.173732    1.835190    1.943578    0.340090     0.080528     2.661466
  153    1.562754    1.748488   23.954397    0.321376     0.098569     1.716428
  154    0.044628    2.183662   23.775388    0.332971     0.086711     2.151365
  155    3.443631    3.311002   24.064887    0.357617     0.097961     3.114972
  156    3.015596    2.970171   22.736496    0.382043     0.068200     2.449642
  157   10.055299    0.562493    3.955976    0.300097     0.088075     1.452317
  158    1.242277    3.467890    7.355068    0.396122     0.093201     3.635470
  159    1.260094    8.034543    7.121763    0.354622     0.082301     2.356654
  160    8.921585    3.981767   23.845292    0.331578     0.100664     2.413843
  161    1.553546    0.742986    1.109097    0.327936     0.121405     1.459298
  162    8.651111    1.142823    4.053571    0.328612     0.105902     1.569518
  163   10.132995    7.344310   27.676314    0.353650     0.125886     2.067587
  164    3.280250    1.697448   26.597107    0.332847     0.088029     2.316992
  165    4.046923    3.044737   26.537598    0.336762     0.096589     2.530450
  166    7.238972    7.240921    1.299194    0.355654     0.115283     2.357248
  167    1.195307    1.973329    0.221795    0.339878     0.113415     1.877747
  168    4.471602    1.704974   28.444597    0.360163     0.106010     2.307931
  169    2.197714    6.747936   27.273401    0.411104     0.138672     4.371656
  170    1.323745    5.465359   27.220611    0.334230     0.135663     1.547979
  171    2.345713    4.350832    6.734367    0.306215     0.098135     1.669488
  172    2.466170    8.711359    6.410940    0.325350     0.106143     1.599227
  173    1.576210    3.408902   26.502797    0.341239     0.103810     1.807931
  174    0.234050    4.135519   26.242615    0.320072     0.116931     2.227123
  175    8.919567    3.804392   22.277298    0.383233     0.080939     2.445632
  176    4.427583    0.232595    2.991810    0.350171     0.090156     2.818775
  177    5.750456    2.176803    7.118901    0.434123     0.133899     4.014110
  178    8.381093    3.130387    4.906703    0.321491     0.101053     1.635026
  179    7.016827    2.309699    5.205032    0.321494     0.103011     1.565656
  180    4.400802    6.550740   29.272089    0.346743     0.108139     3.285649
  181    5.449844    7.274784    0.001386    0.278371     0.070915     1.184046
  182    3.086264    7.312019   23.051005    0.309475     0.082387     1.715091
  183    2.088624    8.531937   22.642789    0.411182     0.134258     3.096107
  184    5.278705    3.271344    6.237354    0.339997     0.099716     2.761585
  185    6.343049    6.364258    1.996669    0.355067     0.100397     2.536689
  186    5.910035    4.376800   25.475597    0.326285     0.105356     2.607842
  187    5.811775    2.928387   24.675706    0.328969     0.106050     1.722518
  188    9.541841    8.747786   27.999591    0.371157     0.131960     2.629826
  189    7.082901    5.183893    0.192990    0.354876     0.105184     2.103831
  190    7.819589    3.820278    0.208507    0.326899     0.087369     2.444295
  191    4.925394    0.306556   28.938206    0.333324     0.118207     1.855763
  192    1.379203    4.657862   24.416488    0.314547     0.107247     1.616904
  193    8.917579    4.711124    6.549483    0.339810     0.093794     2.492274
  194    7.301213    5.308674   28.255193    0.287259     0.092588     1.513814
  195    7.906584    4.679149    7.817762    0.457294     0.124811     3.427806
  196    1.080112    5.808799   23.352407    0.341154     0.100746     2.431817
  197    7.948464    6.781606   27.873914    0.323330     0.104490     2.116161
  198    3.107924    8.094857    0.415207    0.345966     0.101622     2.511140
  199    1.679551    7.481938    0.605937    0.322053     0.087432     1.870617
  200    6.907929    2.887710   26.615005    0.350543     0.097311     1.875222
  201    2.061620    1.439850    4.434036    0.356612     0.133496     2.076648
  202    3.407329    5.277279   23.055404    0.332653     0.099166     1.698157
  203    6.640456    1.897489   27.679809    0.312935     0.079936     2.413546
  204    4.519911    5.821076   22.228214    0.436896     0.107315     2.235739
  205    4.153123    4.350454    2.930433    0.378378     0.106936     4.654632
  206    2.782114    4.130092    2.230517    0.329586     0.120750     1.802584
  207    2.723908    2.103537    6.215961    0.335575     0.103333     1.848930
  208    5.129814    1.542167    0.779191    0.355762     0.097302     2.695631
  209    4.129324    1.407322    5.871502    0.339993     0.124735     2.174390
  210    5.311783    2.480848    1.925680    0.340843     0.090178     1.973707
  211    2.016373    2.916338   28.711198    0.315365     0.097912     2.095513
  212    4.040423    5.660237    7.848887    0.446685     0.129191     2.712565
  213    3.143061    6.516904    6.908163    0.280885     0.088629     1.622548
  214    7.066991    0.275512   23.642087    0.325951     0.097076     1.816250
  215    6.809973    5.124423    6.105500    0.351072     0.129619     1.683006
  216    9.230238    7.473253    7.282151    0.396753     0.126002     2.912803
  217    5.370435    5.704796    6.097727    0.338933     0.093049     2.929440
  218    7.105545    7.785921   22.886308    0.449798     0.129811     3.967467
  219    9.248744    0.003249    7.809476    0.489932     0.157947     3.261139
  220    9.839877    6.687341    0.751621    0.333201     0.080114     1.885471
  221    0.058601    6.044810   29.630287    0.325864     0.086727     2.741086
  222    1.374548    2.105811    3.126315    0.344045     0.122156     2.261437
  223    9.283211    8.463202    2.107220    0.293155     0.088378     1.389185
  224    0.454836    3.668704    5.201868    0.330701     0.101993     1.933748
  225    9.308876    0.011838    0.617839    0.340759     0.096365     3.383540
  226    5.903109    1.916624   22.646404    0.377396     0.089816     2.627301
  227    9.915484    4.249112    3.911683    0.337645     0.125387     2.757277
  228    6.015525    6.549001   26.496590    0.306767     0.092569     1.713160
  229    5.682657    7.224991   25.166602    0.373361     0.098459     3.342393
  230    9.559526    2.092788    1.499837    0.326288     0.094888     1.503861
  231    6.086051    4.523500    3.987493    0.367758     0.107922     1.920973
  232    3.713244    4.199732    0.470528    0.344141     0.102228     2.177658
  233    6.875480    3.433886    3.268534    0.333187     0.093582     1.772281
  234    4.949346    4.036442   29.779888    0.353095     0.102408     2.932262
  235    0.793647    2.365226   28.169410    0.308271     0.069263     1.423350
  236    7.271705    2.431134   23.313899    0.323818     0.119947     1.693998
  237    0.198042    1.372353   26.039802    0.344033     0.117391     1.924687
  238    9.047457    1.726682   26.941295    0.367011     0.139709     2.647355
  239    0.559353    7.907497   24.122408    0.358960     0.108626     2.203207
  240    9.144693    8.057034   23.879702    0.321284     0.075122     2.370171
  241    3.840597    7.814778   25.943292    0.333217     0.087576     2.099375
  242    2.858704    8.430937   24.865200    0.347640     0.111663     1.764259
  243    9.289630    6.079999   25.239188    0.343152     0.124104     2.030005
  244    8.360538    5.343678   26.331712    0.334395     0.105081     1.873291
  245    2.260777    7.864624    2.969905    0.304774     0.097224     1.752970
  246    1.860414    7.265212    4.380192    0.328465     0.092405     2.459446
 --------------------------------------------------------------------------------
    VACUUM CHARGE:               0.0000
    VACUUM VOLUME:               0.0000
    NUMBER OF ELECTRONS:      1456.0000
