    #         X           Y           Z        CHARGE     ATOM    DISTANCE
  -------------------------------------------------------------------------
    1      9.6122      7.7886     29.8621      7.3441     129      0.0112
    2      0.2113      8.2068      0.2690      0.3447     208      0.0305
    3      1.5844      8.4159      1.1837      7.3127     118      0.0389
    4      1.3732      8.6773      2.0984      0.3111     189      0.0324
    5      0.4225      0.0000      3.8202      7.3212     102      0.0148
    6      0.4753      7.6318      5.4882      0.3253     159      0.0279
    7      0.5281      7.2136      6.3491      7.3491     109      0.0181
    8      8.2391      0.0523      7.7480      7.3343     112      0.0370
    9      9.3482      1.1500     10.0078     10.9862       2      0.0300
   10      0.5281      7.7364     10.0616     11.0400      13      0.0363
   11      9.4538      8.3636     12.0525     10.9874      29      0.0262
   12      0.6338      0.3659     14.0433     10.9944      35      0.0127
   13      9.5066      1.0977     16.0879     10.9924      50      0.0126
   14      0.6338      7.6841     16.0879     10.9948      61      0.0126
   15      9.4538      8.5205     18.1863     10.9805      77      0.0251
   16      0.5810      0.4182     20.1771     11.0581      83      0.0323
   17      7.6053      8.6250     23.2978      7.2758     143      0.0288
   18      9.0313      0.4182     25.5038      7.3615      97      0.0353
   19      9.1369      8.3114     25.7729      0.3145     148      0.0282
   20      9.1897      6.7955     27.1718      7.2552     132      0.0115
   21      9.4010      7.2659     28.0327      0.3422     215      0.0237
   22      8.6616      0.2614     24.6430      0.3191     147      0.0359
   23      0.2641      1.1500     24.8582      0.3279     151      0.0050
   24      9.3482      1.8295      5.8648      7.3049     104      0.0259
   25      0.8978      1.7773     24.5353      7.3441     111      0.0138
   26      8.5031      0.7318      7.0485      0.3386     184      0.0269
   27      2.1126      0.9932     28.8398      7.3306     105      0.0254
   28      0.4225      1.7773     11.8910     10.9758      19      0.0285
   29      0.1584      1.9341     29.1626      0.3268     194      0.0326
   30      9.4538      2.3000     29.1088      7.3156     122      0.0290
   31      0.0000      2.5614     23.0288      0.3203     218      0.0327
   32      0.1056      1.5159      6.0800      0.3669     157      0.0123
   33      0.7922      1.8295     18.2401     10.9715      67      0.0337
   34      9.6122      3.0841     22.3831      7.3683     131      0.0340
   35      0.4753      0.9409      4.0354      0.3483     158      0.0491
   36      8.7672      2.6136     27.3870      0.3410     196      0.0466
   37      8.2919      2.7705     26.6338      7.3486     120      0.0232
   38      9.5066      2.6136     20.2847     10.8321      86      0.0161
   39      1.7429      1.1500      9.8464     11.0551       3      0.0276
   40      1.5844      1.5159      7.5866      0.4119     212      0.0333
   41      9.5066      2.5614     14.0433     10.9980      38      0.0127
   42      2.0069      1.6727      6.7257      7.2806     130      0.0129
   43      1.9013      2.3000      3.6050      7.2809      98      0.0250
   44      0.7922      2.6136     25.1272      0.3357     176      0.0259
   45      0.5810      3.3455     10.0616     11.0629       6      0.0247
   46      0.6338      3.2932     16.0879     10.9960      54      0.0126
   47      0.4225      4.1295     25.7191      7.3487     108      0.0306
   48      9.4010      2.6659      6.2953      0.3253     162      0.0350
   49      8.6088      3.9205      7.3714      7.2322     136      0.0222
   50      0.1056      4.9659      0.2690      7.2836     134      0.0267
   51      8.7144      2.9795      4.3044      0.3457     244      0.0147
   52     10.0347      5.8545      2.9593      7.3656     146      0.0306
   53      9.7707      4.0250     26.0957      0.3147     169      0.0471
   54      9.5594      3.1886     29.4855      0.3358     197      0.0477
   55      8.3975      3.8682      4.1430      7.3247     145      0.0268
   56      9.5066      3.9205     18.1863     10.9923      70      0.0205
   57      9.4010      4.1295     11.9448     10.9754      22      0.0374
   58      9.4538      4.3386      7.7480      0.4329     225      0.0307
   59      9.4538      5.2273      3.2821      0.3207     246      0.0348
   60      1.4788      4.4432      6.5643      7.3321     142      0.0281
   61      0.6338      4.7568     14.0433     11.0047      42      0.0127
   62      0.6866      4.8091     20.1233     11.0104      90      0.0163
   63      9.4538      5.4364      9.9002     11.0769       9      0.0331
   64      9.9291      5.2795      1.0761      0.3412     221      0.0432
   65      9.5066      5.4886     16.0879     11.0018      57      0.0126
   66      8.1862      5.5409     23.4592      7.3015     101      0.0251
   67      9.1369      3.8159     22.7598      0.3054     214      0.0253
   68      0.2641      5.6977     24.7506      0.3706     234      0.0354
   69      1.0035      4.6000     26.3109      0.3080     170      0.0235
   70      2.2182      5.4886     27.4408      7.3299     121      0.0286
   71      0.3697      6.6909     24.5353      7.2987     140      0.0240
   72      0.4753      6.1682     12.0525     10.9791      26      0.0020
   73      0.6338      6.1682     18.0787     10.9676      74      0.0383
   74      0.3169      6.3250      6.2414      0.3394     172      0.0390
   75      0.0528      5.7500     29.9159      0.3686     220      0.0551
   76      9.5594      6.9523     20.1771     11.0537      93      0.0151
   77      9.5066      6.9523     14.0433     11.0201      45      0.0127
   78      0.8978      6.6386     23.6745      0.3477     232      0.0392
   79      9.5594      6.6909      2.7979      0.3177     245      0.0184
   80      8.7672      8.0500      7.4790      0.3354     177      0.0177
   81      8.2919      7.5796      9.7388     10.8913      16      0.0403
   82      8.3447      0.4705     20.2847     11.0340      82      0.0343
   83      2.2182      8.1546     26.6876      7.3010     106      0.0285
   84      8.2919      4.7045     20.1771     11.0635      89      0.0230
   85      8.2391      5.6455     22.4907      0.4137     155      0.0289
   86      2.3238      7.1614     22.8136      7.3057     125      0.0244
   87      2.0069      0.2614     28.3017      0.3007     163      0.0424
   88      1.8485      6.9000     20.2309     10.9390      94      0.0311
   89      1.4788      8.1023     26.0957      0.3462     165      0.0423
   90      8.8200      6.2205     23.8359      0.3412     156      0.0318
   91      1.6372      7.5273      1.1299      0.3551     190      0.0541
   92      1.8485      4.0773     12.1063     10.9897      23      0.0359
   93      2.7464      4.8614      4.0354      7.3652     127      0.0324
   94      1.7957      5.4886      9.9540     11.0612      10      0.0338
   95      1.8485      8.4159     11.9448     10.9791      30      0.0237
   96      2.0069      3.2409      3.6588      0.3501     150      0.0303
   97      1.9541      4.7045      5.7572      0.3194     238      0.0191
   98      1.8485      4.1295     18.1325     10.9791      71      0.0316
   99      1.7429      5.0182      7.2099      0.3730     237      0.0419
  100      1.8485      8.4682     18.1325     10.9737      78      0.0104
  101      3.1161      1.1500     23.4054      7.3455     141      0.0183
  102      1.9013      1.0977     16.0879     11.0017      51      0.0126
  103      1.9013      2.5614     14.0433     11.0004      39      0.0127
  104      1.9013      5.4886     16.0879     11.0227      58      0.0126
  105      2.0069      2.5614     20.1771     11.0437      87      0.0267
  106      1.9013      6.9523     14.0433     10.9946      46      0.0127
  107      2.7464      1.2023     22.4907      0.4122     235      0.0395
  108      2.3238      1.2545     23.9435      0.2973     211      0.0236
  109      2.1654      2.6136      6.6719      0.3537     213      0.0309
  110      2.2182      5.4364      3.5512      0.3154     205      0.0238
  111      2.4823      6.3250     27.1180      0.3027     195      0.0428
  112      3.2217      0.3136     20.2309     11.0335      84      0.0281
  113      2.6407      5.4364      0.2152      7.3343     137      0.0092
  114      2.3238      7.5273      7.3176      0.3263     166      0.0495
  115      3.1689      7.7364      7.5866      7.3297     116      0.0378
  116      2.2710      1.9864      4.4121      0.3609     149      0.0295
  117      2.5351      5.3841     29.4317      0.3704     227      0.0126
  118      3.0632      7.5273      9.7388     10.8462      14      0.0116
  119      1.8485      5.0182      0.4843      0.3242     224      0.0544
  120      2.7464      7.9455     23.1364      0.3481     201      0.0122
  121      3.8026      2.8227     27.7637      7.3281     110      0.0256
  122      3.0632      2.1955     28.1941      0.3243     173      0.0144
  123      2.4823      0.6273     29.7007      0.3433     188      0.0196
  124      4.6477      3.1364      0.7533      7.2958     100      0.0299
  125      3.9611      3.6068      0.3228      0.3338     153      0.0072
  126      2.9048      4.8091     27.3870      0.3645     193      0.0067
  127      3.1161      1.7250     12.1063     10.9898      20      0.0253
  128      3.0632      6.3250     11.8910     10.9706      27      0.0186
  129      3.0632      3.2409      9.9540     11.0572       7      0.0324
  130      3.1689      0.3659     14.0433     11.0198      36      0.0127
  131      3.1161      6.3250     18.2401     10.9692      75      0.0275
  132      3.3801      1.3591      2.6903      0.3557     167      0.0226
  133      4.3836      2.7705      1.5066      0.3654     154      0.0652
  134      3.2745      4.7568     20.2847     11.0038      91      0.0356
  135      3.1689      3.2932     16.0879     11.0197      55      0.0126
  136      3.1689      1.8818     18.1863     10.9788      68      0.0261
  137      3.1689      4.7568     14.0433     10.9763      43      0.0127
  138      3.1689      7.6841     16.0879     11.0058      62      0.0126
  139      3.0632      6.5341     22.7598      0.3476     222      0.0341
  140      3.7498      2.7182     26.7952      0.3545     174      0.0187
  141      4.2780      0.9932      2.7979      7.2799     107      0.0210
  142      4.6477      5.4886     23.1364      7.3289     144      0.0248
  143      4.5420      2.9273     24.9658      7.3203     135      0.0133
  144      3.3801      8.6250      7.3714      0.3089     185      0.0266
  145      4.4892      3.8682     24.6430      0.3672     226      0.0195
  146      4.1723      2.4045     24.3201      0.3321     236      0.0379
  147      2.9576      8.2591     26.1495      0.3351     164      0.0269
  148      4.1723      1.1500     10.0078     11.0411       4      0.0303
  149      4.0667      6.8477      0.9147      0.3634     180      0.0321
  150      4.8061      7.3182      1.2913      7.2866     114      0.0368
  151      4.3308      5.3841      9.6850     11.0061      11      0.0134
  152      5.7040      8.0500      4.4121      7.3568     119      0.0323
  153      5.1758      8.5727      3.8740      0.3116     168      0.0235
  154      5.3871      0.6273      6.5643      7.3343     128      0.0163
  155      4.8589      0.0523     25.7729      7.2655     126      0.0367
  156      4.4892      3.1886      7.4790      0.4090     178      0.0075
  157      4.2252      0.3136      2.0984      0.3667     161      0.0161
  158      4.3836      8.3636     11.9986     10.9903      31      0.0251
  159      4.4364      3.9727     11.9448     10.9802      24      0.0294
  160      4.8061      3.2409      6.5643      7.2319     113      0.0335
  161      5.4399      5.5409      4.0892      7.3217     117      0.0276
  162      4.4364      8.3114     18.2401     10.9837      79      0.0317
  163      4.4892      4.0250     18.2401     10.9865      72      0.0226
  164      4.5949      2.5091     20.2309     11.0318      88      0.0266
  165      4.5420      6.9523     20.2309     10.9963      95      0.0171
  166      4.4364      1.0977     16.0879     10.9964      52      0.0126
  167      4.4364      5.4886     16.0879     10.9733      59      0.0126
  168      4.4364      6.9523     14.0433     10.9733      47      0.0127
  169      4.7533      0.5750     24.9658      0.3684     204      0.0270
  170      4.4364      2.5614     14.0433     10.9910      40      0.0127
  171      5.5455      6.5341      4.1430      0.3214     186      0.0196
  172      5.5983      8.7296      5.1653      0.3273     191      0.0244
  173      3.6970      5.0182      4.0892      0.3040     206      0.0525
  174      5.5455      3.0841      9.8464     11.0642       8      0.0289
  175      5.1230      5.9591     23.8897      0.3254     241      0.0205
  176      6.1793      6.1682     25.0196      7.3269     115      0.0221
  177      5.8624      4.4432     27.4947      7.3524     139      0.0263
  178      5.9680      0.6795     28.4632      7.2687     124      0.0164
  179      5.4927      8.1546     25.4500      0.3537     202      0.0576
  180      5.4399      1.5159     28.6784      0.3803     203      0.0225
  181      6.1265      5.5409     25.7729      0.3351     182      0.0169
  182      6.0208      6.3250      7.0485      0.3729     219      0.0370
  183      6.7074      5.9591      6.6181      7.2990     133      0.0333
  184      5.5455      7.5796     10.0616     11.0775      15      0.0073
  185      5.1758      3.8682     27.7637      0.3120     233      0.0559
  186      6.3377      5.6455      5.7572      0.3469     216      0.0568
  187      5.8624      0.6795     27.5485      0.3618     200      0.0529
  188      5.5455      1.5682      6.6181      0.3071     209      0.0313
  189      5.5983      1.8295     12.0525     10.9724      17      0.0228
  190      6.0208      3.9205      1.5604      0.3316     198      0.0253
  191      5.8096      6.1682     18.1325     10.9901      76      0.0314
  192      5.7568      6.1682     11.9448     10.9818      28      0.0218
  193      5.9152      4.8091     20.1233     11.0846      92      0.0304
  194      6.8659      4.3386      1.8294      7.3597     123      0.0121
  195      5.7040      4.7568     14.0433     11.0237      44      0.0127
  196      5.7568      1.7773     18.1863     10.9811      65      0.0161
  197      5.7568      0.3659     20.2309     11.0484      81      0.0114
  198      5.7040      3.2932     16.0879     10.9689      56      0.0126
  199      5.5983      3.8159      6.7257      0.3922     179      0.0238
  200      5.7040      7.6841     16.0879     10.9962      63      0.0126
  201      5.7040      0.3659     14.0433     10.9910      33      0.0127
  202      5.3343      5.0182     22.5445      0.3996     242      0.0203
  203      6.0208      5.2273      3.3898      0.3535     187      0.0339
  204      6.9187      6.0636     29.7007      7.3287     138      0.0143
  205      5.4927      6.8477      0.6995      0.3618     181      0.0189
  206      6.6018      5.6455     28.9474      0.3046     229      0.0451
  207      6.7603      0.9932      9.8464     10.9776       1      0.0273
  208      5.9152      0.3136      7.2099      0.3576     207      0.0550
  209      7.1828      6.9523     20.1771     11.0663      96      0.0264
  210      7.4468      0.4182     22.5983      0.3919     239      0.0493
  211      6.9715      0.9409      0.0538      0.3405     175      0.0321
  212      7.0243      4.9136      1.1299      0.3207     199      0.0197
  213      7.7109      0.8364      0.6457      7.3062     103      0.0201
  214      6.9187      5.4886      9.8464     11.0089      12      0.0164
  215      6.8131      8.4159     11.9448     10.9706      32      0.0273
  216      6.9715      8.4682     18.1325     10.9889      80      0.0211
  217      6.9187      4.0773     11.8372     10.9797      21      0.0275
  218      6.9715      1.0977     16.0879     10.9974      49      0.0126
  219      7.0243      2.6136     20.2309     11.0336      85      0.0296
  220      6.9715      5.4886     16.0879     11.0010      60      0.0126
  221      6.9715      6.9523     14.0433     10.9869      48      0.0127
  222      6.9715      2.5614     14.0433     11.0012      37      0.0127
  223      7.0243      3.9727     18.1863     10.9640      69      0.0269
  224      7.8165      3.7636      3.4436      0.3287     243      0.0379
  225      7.6581      7.7364     22.9212      0.3850     240      0.0222
  226      6.5490      3.9727     27.0642      0.3412     231      0.0281
  227      8.0806      7.9977      3.0131      7.3449      99      0.0205
  228      7.9222      8.4159      2.2060      0.3272     230      0.0415
  229      7.3940      8.1546      3.6050      0.3200     152      0.0255
  230      8.2391      6.8477     27.1180      0.4039     217      0.0307
  231      6.8659      5.8545     24.4277      0.3313     183      0.0176
  232      8.0278      3.2932      9.7388     10.8978       5      0.0171
  233      8.1862      1.8818     26.3647      0.3175     192      0.0254
  234      8.0278      4.7045      7.1561      0.3475     223      0.0319
  235      8.0278      1.8818     11.8910     10.9810      18      0.0096
  236      8.2391      1.8818     18.2401     10.9654      66      0.0318
  237      8.2391      3.2932     16.0879     11.0042      53      0.0126
  238      8.2391      4.7568     14.0433     10.9941      41      0.0127
  239      8.1862      6.2727     11.8910     10.9658      25      0.0207
  240      8.2919      6.1682     18.1325     10.9777      73      0.0343
  241      8.2391      0.3659     14.0433     10.9702      34      0.0127
  242      8.2391      7.6841     16.0879     10.9922      64      0.0126
  243      8.3975      1.4114      0.2690      0.3394     160      0.0131
  244      8.8200      8.2068      0.0538      0.3441     210      0.0374
  245      7.7637      6.4818     29.5393      0.3607     228      0.0185
  246      9.6122      8.5727      3.8202      0.3381     171      0.0467
  -------------------------------------------------------------------------
