,Planar,Macroscopic
0,4.148312918655773,3.602118989775569
1,4.1722138546286,3.597154368408201
2,4.115113671735353,3.578155162533805
3,4.016586463265853,3.5465836202088847
4,3.880036449907652,3.5028630947233372
5,3.7148558268071445,3.4469064599823054
6,3.541643033084653,3.3774655952715076
7,3.3641493119149293,3.2908620597045943
8,3.1728528128355813,3.182952612901562
9,2.9707675493266703,3.0522889645913924
10,2.766952636584315,2.9026808123701326
11,2.5788941585695127,2.7415327599074835
12,2.415931321397419,2.576186417311429
13,2.2880209849633557,2.411630368797702
14,2.183033004303478,2.2524550097589198
15,2.0573987773523954,2.1027956784660113
16,1.883532844721301,1.965094605818498
17,1.670905742591089,1.8408196753995973
18,1.4553661786730892,1.7325112769567115
19,1.2715489103009174,1.6432204188746793
20,1.1388795050063816,1.574778653192767
21,1.0545775900187586,1.526800990664877
22,1.014879987209565,1.4967103177265242
23,1.0209878635347933,1.4803971784143224
24,1.0630237254294068,1.4744263830706545
25,1.1272005643747145,1.478960413741824
26,1.2233016408636384,1.497670767640879
27,1.3635321038500963,1.5343811165462091
28,1.5350008543098925,1.5893940338079995
29,1.715296233067494,1.6601679832087786
30,1.8742992085070673,1.7433933750363415
31,1.9943844773437207,1.8372384722260895
32,2.0755586881174586,1.9407037352157586
33,2.1390113294334436,2.053348802101575
34,2.220319214904292,2.1754073368024773
35,2.3316920228870335,2.3071965219035184
36,2.4455986893853177,2.447157362605255
37,2.5454799995149378,2.590628756731606
38,2.636936557902512,2.731515311198414
39,2.7437893394342248,2.8650393353244366
40,2.877254721023612,2.989268189570262
41,3.048599067479486,3.1050497335666964
42,3.2600773500456426,3.2148753667230427
43,3.4994058961934584,3.3202041126168544
44,3.7425967734949044,3.4202939040502622
45,3.946017198124407,3.513225203240103
46,4.070958834712442,3.598176291690157
47,4.1187286673358905,3.6749656736285963
48,4.110418584931928,3.7434453488532884
49,4.078452269279543,3.8017961503619992
50,4.052420084931691,3.8457859938245216
51,4.034928755522056,3.8701153137495785
52,4.021935460705638,3.869804819941473
53,4.004455408304159,3.8409675038862323
54,3.974718281486298,3.7810263532212636
55,3.9276888744068454,3.690026030389784
56,3.869570711946958,3.5713874914497357
57,3.7941037665910287,3.429663772082497
58,3.6690719033490127,3.2691147652473607
59,3.4865268261305116,3.0936667771367525
60,3.2544884614997422,2.9073991847326313
61,2.9803342071991223,2.7157067076875196
62,2.6636560615254736,2.5248729779220698
63,2.3080113871577828,2.3415280186236895
64,1.935465133791555,2.171489956057828
65,1.5677017187256064,2.019149236993112
66,1.220536461899474,1.8863023848744243
67,0.9203884832885963,1.772672029106002
68,0.6996034216575044,1.679254181641661
69,0.584464168710051,1.6089986854190281
70,0.5869283249275375,1.565137336868007
71,0.7042461409333216,1.5494597316268333
72,0.914033155300777,1.5634213497651241
73,1.185555931241961,1.60811660723742
74,1.4783273738105824,1.68305306525327
75,1.74875736275942,1.7853176482187978
76,1.987550648990881,1.9104928188260457
77,2.221927894123116,2.0539572731369535
78,2.4649841875813654,2.210660098636515
79,2.698137312857995,2.37567312549273
80,2.9149651880147083,2.5444092973820105
81,3.112526021659106,2.7122799633454826
82,3.2843213780768563,2.874838170711948
83,3.4084642121051014,3.0276497576292494
84,3.473689532829939,3.167513714731398
85,3.50274866088494,3.2928297392007493
86,3.5202542806496124,3.401649251961125
87,3.5546986521219126,3.4915317492558584
88,3.6241794189345877,3.5607295290684715
89,3.725918128275822,3.610622801347602
90,3.8400808878971544,3.6441478930579376
91,3.936164495753389,3.664474177902627
92,3.9958786016492622,3.6739456471054
93,4.0044458032077355,3.6747954156602796
94,3.9463018786776485,3.6690660166332787
95,3.8398128454283182,3.6580765848355687
96,3.710544224208396,3.6421725166425247
97,3.596216213882349,3.6211644907276703
98,3.5184168388007344,3.5940245930987333
99,3.4783991488635198,3.5595620355807003
100,3.4548078237267714,3.51718316560066
101,3.423760046092941,3.4674364879376274
102,3.370560350343916,3.4097849287852156
103,3.3049388885261592,3.342916312055355
104,3.2339810531748268,3.2663066963176295
105,3.17655418565453,3.178896040666954
106,3.1356612616137207,3.0785022151033785
107,3.105592092951224,2.9609315089425827
108,3.077261228256422,2.8224726335940664
109,3.0407242978188065,2.6621734550805964
110,2.9581505369058467,2.4834061715494458
111,2.800810702070255,2.2929584765552184
112,2.5673287953985824,2.098976714506077
113,2.2664210437161683,1.908144326410266
114,1.9034553640640275,1.7252776136981482
115,1.4799435029880377,1.552795866978409
116,1.026157082527444,1.392450021783305
117,0.59301393562106,1.246945106717605
118,0.23699672016605117,1.120700761340899
119,-0.004298463803146257,1.0172745872497513
120,-0.12111136654064084,0.94003879362462
121,-0.13004409719842946,0.8921867038285836
122,-0.05761977564328902,0.8758048941603459
123,0.07188274469922316,0.8914255718217073
124,0.2494360481018468,0.9396639588124199
125,0.4865036217686277,1.022605588993894
126,0.8048630114757123,1.1410723636817082
127,1.1790531641781412,1.2935656892508016
128,1.567906251653486,1.475955486124307
129,1.9394730857415998,1.682191109113078
130,2.272456221370307,1.9060640265223927
131,2.5475932416206755,2.1429033613095787
132,2.7717463298968528,2.389753178776625
133,2.9728928462545694,2.6448169254500846
134,3.158559026908098,2.905958916418296
135,3.337893795864745,3.1693220112613814
136,3.5200130638891487,3.428626447656925
137,3.707942749994729,3.678408863145103
138,3.908601146827021,3.915784537018423
139,4.133063928970922,4.140670015028181
140,4.385676938763544,4.354208987657575
141,4.663030184821497,4.558545291198743
142,4.949991885529655,4.755437304564855
143,5.227039328944167,4.9450249431030855
144,5.47234286659549,5.126908230303115
145,5.675136642965346,5.3001739371619685
146,5.840668381373264,5.4633686836850766
147,5.98741168991723,5.614833726505739
148,6.116157728699407,5.752448380844984
149,6.225646705361686,5.8735090226024536
150,6.315802570486882,5.974936583738749
151,6.385470339942695,6.0536597981511315
152,6.4324581965086285,6.107377779906489
153,6.456676519324121,6.134655305573673
154,6.45751850130509,6.1345163913077805
155,6.434313520766654,6.106249251210401
156,6.385664924933436,6.0478313754742175
157,6.312155480605378,5.9541727958441175
158,6.211373039216878,5.81862064151594
159,6.080048044244367,5.634100033842906
160,5.916915557126099,5.392833400252622
161,5.718034790953447,5.08835173862125
162,5.469842409809429,4.716731717651795
163,5.166328121212518,4.275907360266448
164,4.789146618121943,3.7655006232620343
165,4.301557256575447,3.1868859514159817
166,3.6762189507922005,2.5428781110955585
167,2.904275767247085,1.8376909540033286
168,1.9730031658617513,1.0769605244190585
169,0.9048004305780202,0.26785870474512863
170,-0.2567021809415728,-0.58127578002584
171,-1.4781619136121138,-1.4608266651266413
172,-2.7298027647743632,-2.3596789047942925
173,-3.980750572462283,-3.265693798785138
174,-5.206476200834181,-4.165338457845959
175,-6.381213347054755,-5.042711283204949
176,-7.481774693299992,-5.880377203898655
177,-8.483784709886361,-6.660439444471198
178,-9.367505168751345,-7.364647155510623
179,-10.113881140860968,-7.976397768877841
180,-10.709497904208304,-8.482255755282985
181,-11.1419399706227,-8.871435487537475
182,-11.404457244972818,-9.13594685347973
183,-11.491153599886383,-9.270687745550118
184,-11.401767621694493,-9.273421323933212
185,-11.136844563058688,-9.144848593980612
186,-10.70273563284792,-8.888737654115326
187,-10.10671061003188,-8.51184274025519
188,-9.362145936234157,-8.024065654057054
189,-8.483397094192956,-7.4379611723954
190,-7.4910073517349485,-6.768468205095835
191,-6.40608662972931,-6.0326367713513305
192,-5.255680611729853,-5.249334870843722
193,-4.066904207907962,-4.438212796181907
194,-2.8717777757248606,-3.621308719710597
195,-1.6996762604038842,-2.821816579749626
196,-0.5875176171848825,-2.0625661488099762
197,0.4359995290488377,-1.3657290785818959
198,1.341375507183849,-0.7521359082719433
199,2.103025836778391,-0.23866891556589998
200,2.6949769641641206,0.161518451357866
201,3.1090437440262986,0.43795972789215576
202,3.3025057547890637,0.5835382164488971
203,3.2540139562387638,0.5945325519729718
204,2.9637721240657746,0.47059178940929297
205,2.4363566540735695,0.21469252055195495
206,1.682531129345005,-0.1665831908537044
207,0.7590087745158356,-0.6634693511399262
208,-0.2876347471071696,-1.263285030927082
209,-1.4301436521120954,-1.9507044621767118
210,-2.635267817708509,-2.7081086174128313
211,-3.8690061684746135,-3.516609045818571
212,-5.102711501871077,-4.354504096935558
213,-6.305863099835971,-5.198463478687937
214,-7.450480422486748,-6.025106051268874
215,-8.507951356103158,-6.811210588800768
216,-9.455306728984954,-7.534461289290326
217,-10.270523925714942,-8.175947135919667
218,-10.938297830086034,-8.720037693575438
219,-11.443963967277012,-9.153240053021017
220,-11.779605165316708,-9.465022025384538
221,-11.937254915304054,-9.647754742952193
222,-11.915794182391089,-9.696940500384336
223,-11.713525021500537,-9.611115372996677
224,-11.335981479467018,-9.392208050135217
225,-10.78773646481234,-9.04518689985125
226,-10.08126478491104,-8.57825229763589
227,-9.22778612213249,-8.002283928787726
228,-8.247343320251858,-7.331555090577216
229,-7.1581950846924025,-6.582801482432242
230,-5.988055135649659,-5.775931318556215
231,-4.761010806858152,-4.931282512768114
232,-3.5101486109804596,-4.069318784801729
233,-2.261570650991749,-3.2110068756794656
234,-1.05048388910847,-2.376713503022797
235,0.09690671355198607,-1.5860211133722641
236,1.1348212577031909,-0.8607689748397807
237,2.033600979332498,-0.22321915478644547
238,2.744057784451739,0.310410392141643
239,3.266423588881786,0.7254488831457593
240,3.5995529210038257,1.0114455445722073
241,3.7360893427001947,1.1613126485351406
242,3.681299228353062,1.1717735913510745
243,3.4447265488972456,1.0423208694085646
244,2.9732737086736627,0.7762644631669006
245,2.248110638827543,0.3798869195418788
246,1.3579885244537344,-0.13621086078770928
247,0.3124977533816926,-0.7584906700390268
248,-0.8401152299735986,-1.4693247124027353
249,-2.063402935525352,-2.2502196902814426
250,-3.321851640293653,-3.081716979014683
251,-4.59171964595693,-3.943463608861151
252,-5.839499201458417,-4.814901054578164
253,-7.037889071698404,-5.675867561109802
254,-8.154938788229398,-6.503123660972833
255,-9.16743558719122,-7.272589619568101
256,-10.050954978095014,-7.965356441276313
257,-10.789686012934943,-8.5636068441485
258,-11.367398276194496,-9.052838356365957
259,-11.775349994536223,-9.42152572654164
260,-12.004574794553179,-9.661195316704031
261,-12.052670568672246,-9.766076574746286
262,-11.917336088860887,-9.733783230565486
263,-11.602276615887284,-9.565155382270312
264,-11.111814266294095,-9.264525909921996
265,-10.456009498317652,-8.839130505731756
266,-9.646282449887819,-8.299195387093906
267,-8.699775598687664,-7.657721958783294
268,-7.635904263216685,-6.931398298539308
269,-6.479582290717527,-6.138569974033107
270,-5.258219006203999,-5.299186525896624
271,-4.0025878023853085,-4.438500929280391
272,-2.743608285959714,-3.5792775419527345
273,-1.5103183117669068,-2.743710028473146
274,-0.3321228426137002,-1.954116959953144
275,0.7568356966560911,-1.2348689346713333
276,1.7064276081972631,-0.604531666851664
277,2.49555984657539,-0.07960978495167212
278,3.104327271903524,0.32563984685422087
279,3.43967017041993,0.6011373304215895
280,3.5486848830369384,0.740213826202704
281,3.437938626745304,0.7395544983503459
282,3.100860967065944,0.5991633146478881
283,2.4904549567549403,0.32238869327406383
284,1.6997883708662307,-0.08409435525487144
285,0.7488182755121852,-0.6101753715822894
286,-0.3414108907106116,-1.2415962402633995
287,-1.5206275865048908,-1.9618296408112177
288,-2.7548420821439366,-2.752316072328998
289,-4.014455703727756,-3.588668892374994
290,-5.270649592603954,-4.4485890495285405
291,-6.4922614964957415,-5.309874174127696
292,-7.648817716134535,-6.149785149829447
293,-8.712622597237434,-6.943065994899662
294,-9.659148028062722,-7.669804695387051
295,-10.468641363285334,-8.3116576729887
296,-11.124428495416518,-8.851985703080926
297,-11.614680590407996,-9.277802277848691
298,-11.929877945726911,-9.578950138430844
299,-12.065193616039485,-9.748227217540094
300,-12.017536595565595,-9.781399852348292
301,-11.788600254508891,-9.677686107019454
302,-11.381508237906775,-9.43960877035629
303,-10.804535321317507,-9.073020296354724
304,-10.067315432370677,-8.58657282773701
305,-9.185325932324657,-7.991890382611016
306,-8.175503572622716,-7.303691513752524
307,-7.061443127694278,-6.53952705411867
308,-5.867757019151504,-5.718170977019465
309,-4.625414080576696,-4.863964973220706
310,-3.363425656197532,-4.001137209312875
311,-2.1140300652092443,-3.150981664852303
312,-0.9030935929438761,-2.3359341885846643
313,0.23564264898257592,-1.5777879959763625
314,1.263151144036317,-0.8961209637349484
315,2.1402796830013764,-0.30868765668968123
316,2.854531442058806,0.1681929920607275
317,3.3105144523381744,0.5220590609618948
318,3.5133631547753583,0.7438345135621812
319,3.5141995457814064,0.8282349228520308
320,3.2893463349107237,0.7731469088105727
321,2.842096145631921,0.5800894080492873
322,2.202691147974776,0.25353904668073746
323,1.3884735944901512,-0.19842818959497854
324,0.408348104884632,-0.7642411279057324
325,-0.6918538874732589,-1.4287709007279992
326,-1.8757988723463492,-2.175255953648543
327,-3.1062067133594025,-2.980682321412928
328,-4.35500990894378,-3.8217903158711164
329,-5.5890650789123795,-4.677609452919722
330,-6.781000097577774,-5.525697932058075
331,-7.899767603980312,-6.343614903151841
332,-8.921481745557255,-7.110800837209379
333,-9.821256227799426,-7.807835762154172
334,-10.582199510510991,-8.416358205169193
335,-11.187160167420751,-8.921101337612402
336,-11.626580745472026,-9.309775136919365
337,-11.890544921093484,-9.573116008817852
338,-11.976246289579665,-9.704803347353765
339,-11.880409334055843,-9.70170228610877
340,-11.606655665060927,-9.563910150531335
341,-11.158155054516104,-9.294753118383959
342,-10.545055869385752,-8.900653688276527
343,-9.77723027145104,-8.390991281506293
344,-8.871927259871676,-7.778283634877328
345,-7.846342407532149,-7.077725643570101
346,-6.725382002590242,-6.307091330201941
347,-5.533245976502456,-5.486606117365019
348,-4.300741657183925,-4.638533041136461
349,-3.0549410253275604,-3.785665919486872
350,-1.827692003623488,-2.950349648088032
351,-0.6473329059351784,-2.1551800065479347
352,0.446538128810387,-1.421824089435614
353,1.422883676109314,-0.7693509487038463
354,2.244836895154853,-0.21423061511230804
355,2.878188909971102,0.2292567435701724
356,3.289069082534366,0.5503759781481081
357,3.471198855636783,0.7410125842529715
358,3.4290372201181927,0.7964161559435368
359,3.154898493205653,0.7151942761956379
360,2.6553506386360066,0.4994230892347088
361,1.9672862617207876,0.15443090818189667
362,1.1202387447760132,-0.31065303207616407
363,0.1364300487524902,-0.8835963370000548
364,-0.945235780187397,-1.548932325208088
365,-2.101787066614913,-2.2883088633119204
366,-3.3034773667537523,-3.0807083466199185
367,-4.516934860789736,-3.904166605457993
368,-5.711573368920215,-4.736577122328581
369,-6.857192164885798,-5.555180864470722
370,-7.924972795834705,-6.337566679587056
371,-8.890095812520718,-7.063502444377701
372,-9.731210892589747,-7.714742302385397
373,-10.430588775897878,-8.274758887186474
374,-10.974121617009597,-8.729904197110718
375,-11.351049803448559,-9.068660778652125
376,-11.554352083552393,-9.282267000293738
377,-11.579968865352889,-9.365023975691365
378,-11.427594033458014,-9.314343981306617
379,-11.099557504510816,-9.130697885786219
380,-10.602078699362524,-8.817606970816545
381,-9.943868477666916,-8.381313078158177
382,-9.137851358823774,-7.830910611375397
383,-8.199405534360244,-7.178237370278662
384,-7.148389356302781,-6.437915877412174
385,-6.00656041794701,-5.6273975438250945
386,-4.799333469994795,-4.766555256705146
387,-3.551562445518618,-3.8747850332569302
388,-2.2893363263805564,-2.969223013865127
389,-1.0368057446700845,-2.065176649235186
390,0.1760335095002934,-1.1752138876934255
391,1.3175295638433584,-0.31029271717289664
392,2.3516652545871652,0.5192979478239221
393,3.238280201118882,1.303969746202405
394,3.940809084606677,2.0354376494609374
395,4.471895156714999,2.7066185804657428
396,4.8725223155944395,3.3121603703854596
397,5.173277058828124,3.848186195926903
398,5.417251008389177,4.3122514162983325
399,5.624712591702609,4.703354614697939
400,5.7947806111189655,5.022437364901648
401,5.924686836452445,5.272351416881427
402,6.018032902350804,5.4581441548862335
403,6.0746963401394884,5.587232218602594
404,6.100418748560105,5.6694353307881835
405,6.096902414227356,5.713546022698871
406,6.063837640305168,5.725578187963398
407,6.0030518265228325,5.710157221151085
408,5.919523013167052,5.670354158516818
409,5.815982499479395,5.609110045226963
410,5.695934538673696,5.53010704917147
411,5.561865348013368,5.437267838070526
412,5.420465103947283,5.333626541479656
413,5.265887611107387,5.221138372503784
414,5.089101290355928,5.100570802762109
415,4.895699656206468,4.971723089837342
416,4.700795880972365,4.832981294446199
417,4.522318552485217,4.681983972712533
418,4.372726682120085,4.516036232908104
419,4.253581036635448,4.331791616009447
420,4.152489563715151,4.126723766797162
421,4.049909298573801,3.9007022506440876
422,3.930202493209951,3.6559333456097383
423,3.7776435815815463,3.396937650593187
424,3.5664853232646254,3.129779561665872
425,3.28510003531685,2.8607323951856483
426,2.9324636966873263,2.594507589836797
427,2.499579395303556,2.33427035089716
428,2.004713252852578,2.0830370130670044
429,1.4934780572580224,1.8438363156586126
430,1.0146248133289897,1.6206788727405081
431,0.6039651008094593,1.4190311845824295
432,0.2802556896642572,1.244541028311204
433,0.05285065956243874,1.1017858646196947
434,-0.0912506153069593,0.9939759774684287
435,-0.16195174842825302,0.9215308201218563
436,-0.14947339882270955,0.8826651333012402
437,-0.05203151671560812,0.8759161166287711
438,0.13565559118927328,0.90104205608418
439,0.42025091172838386,0.9580332337116475
440,0.7893796803278926,1.0452117544445096
441,1.2080506351343763,1.1588737936654128
442,1.6259073545418454,1.2941659675944999
443,1.9810872030785458,1.445866164751314
444,2.2328813339162386,1.6096247431213224
445,2.3780970951991076,1.781751554750558
446,2.4569801630499404,1.9582508075814264
447,2.5193192545524394,2.134521925510756
448,2.5838381865205085,2.3054557224130914
449,2.6498818067857117,2.4660431523894317
450,2.7155148203878263,2.6115224021715164
451,2.783454208385092,2.7388521487610884
452,2.8564037953531933,2.8478826289861776
453,2.9363308608979897,2.942245669344762
454,3.027513152132916,3.0284058733862103
455,3.120848606012322,3.1123576283621053
456,3.212463935431312,3.196193186402077
457,3.3108246513025135,3.278650739198925
458,3.4080061764054257,3.3579544894901145
459,3.4999860737466677,3.433652920675281
460,3.5884559985934503,3.507046929908454
461,3.6796219295330617,3.580374277066297
462,3.7837650066623034,3.654767313722959
463,3.8892286847652073,3.729856831881116
464,3.966020207769437,3.8038799098277494
465,4.0035552048956955,3.875161402889204
466,4.011305691761933,3.9429605646591037
467,4.012453568118695,4.007618524921645
468,4.03660698658496,4.0704503920402955
469,4.103346457226266,4.132878425983901
470,4.195478455173096,4.195619263224435
471,4.287942187744812,4.257853191665101
472,4.35992855517233,4.31701737535345
473,4.403915481118507,4.370475184838476
474,4.432848847289511,4.417575911122167
475,4.47466793602826,4.458706337534511
476,4.538979784541134,4.492118048988587
477,4.623690684731579,4.514029689469129
478,4.71779106892304,4.520126422429954
479,4.799832641465036,4.507006020986091
480,4.848720313052613,4.474191187063997
481,4.851469255495672,4.423831333603138
482,4.813833280875881,4.359387799759703
483,4.743902880317855,4.284031085903265
484,4.612716497935312,4.199034841211184
485,4.406863096768427,4.103149237076187
486,4.146348179879839,3.994562629506983
487,3.867179231236724,3.8715617765017973
488,3.6048114445754242,3.7332766205546455
489,3.3814648254493602,3.579999971840449
490,3.1999449459904983,3.4119964825770994
491,3.047494631702612,3.229342456016875
492,2.902916442832064,3.0321112536221992
493,2.748727061598296,2.821255582931015
494,2.584420848295472,2.60100117972187
495,2.4096753306382164,2.377640188670825
496,2.2286582618743034,2.1561851573306514
497,2.0408529646095106,1.9380020505221245
498,1.8246575063123214,1.721970697265295
499,1.5636967774116364,1.5063156321646616
500,1.2636716377717054,1.2914017591556688
501,0.9485008078765454,1.0815029565497634
502,0.648137240170699,0.8843920701785902
503,0.3863652578496218,0.7090469266191272
504,0.16015761575671186,0.5623488745180182
505,-0.06011669131676072,0.44769700367835097
506,-0.2837529140475019,0.3650657318700492
507,-0.5003263463620449,0.3130860391945613
508,-0.6685047681713697,0.2915252452048429
509,-0.7306838152036825,0.30311688742188575
510,-0.6450795118490567,0.3516951327008259
511,-0.40748552247203906,0.4381894096931149
512,-0.05614408952448927,0.559855800592893
513,0.3459416555242064,0.7113706988541695
514,0.7412953693248727,0.8873520306444463
515,1.105218496450728,1.0847383557553611
516,1.4365632144973897,1.301523715362758
517,1.772346337318408,1.535345447112818
518,2.1380800527926285,1.7817088515968236
519,2.5053977937377474,2.0333761566618023
520,2.838132276366703,2.279801632224148
521,3.1136334265525996,2.509629192306649
522,3.3278215879816937,2.7144864492754506
523,3.4928371606797075,2.8912707776511213
524,3.618383558885641,3.0418066549129787
525,3.708464825139037,3.1702642817551134
526,3.7660365125407322,3.2799327687049074
527,3.799327675965936,3.3702129133801835
528,3.790579048273176,3.4381102050806875
529,3.7294105590129787,3.4822719093162924
530,3.631286535913939,3.504772643801358
531,3.52805956628628,3.510292251697997
532,3.450941160038307,3.5040618593536537
533,3.4174557796091465,3.4906191296425986
534,3.41059597959368,3.4734305893703326
535,3.3973889414733836,3.4531870089740258
536,3.360231303401698,3.42816321982175
537,3.3003084699786345,3.3961239486666877
538,3.2431454970978777,3.3575363755841963
539,3.212986368692099,3.316107401983984
540,3.215674525783517,3.277197317892632
541,3.2508680258807163,3.2447468030160582
542,3.3089898339848474,3.219543948520608
543,3.344080378005523,3.1996925570945054
544,3.315608307799776,3.182933799468381
545,3.2226207951747954,3.169033409409753
546,3.0960027327883304,3.160292824783951
547,2.983689034209162,3.160011265913023
548,2.930905022269595,3.1705569921352437
549,2.943950298507966,3.1929612170721735
550,2.997289779120196,3.2268627927050826
551,3.0601307339393,3.269750758610273
552,3.1089383423234422,3.316379818869768
553,3.1471819204180753,3.362387234237717
554,3.202900780137268,3.406804198900804
555,3.2952404103019277,3.450913402683641
556,3.43296856909784,3.4944708314124924
557,3.6162624175568374,3.535091208779047
558,3.825902887175879,3.5690210982687725
559,4.0228514121741386,3.5923654879024927
