,Planar,Macroscopic
0,5.977053773678038,5.98654592670606
1,5.9114195023790215,5.96756188335112
2,5.856001559742514,5.948577781303097
3,5.819110805022418,5.929593685097924
4,5.806196993710786,5.910609528399429
5,5.8061978930708795,5.891625380689757
6,5.806196751401751,5.872641172169827
7,5.80619765559592,5.854374350499115
8,5.8061963773672804,5.838157002507926
9,5.8061973016376704,5.825018390657904
10,5.806195863807824,5.815526108041045
11,5.806196803225992,5.809680233473367
12,5.806195239102942,5.806913014147779
13,5.806196204638489,5.806195344386671
14,5.80619449569162,5.806194982639024
15,5.806195488525317,5.806194637446287
16,5.8061936431787915,5.80619422180289
17,5.806194680065029,5.806193825892368
18,5.806192686574548,5.806193356976695
19,5.806193760160839,5.806192909464901
20,5.806191611881923,5.806192389480104
21,5.806192749322476,5.806191893071313
22,5.806190482253127,5.806191320846242
23,5.806191679601619,5.806190774059172
24,5.80618926982061,5.806190150284825
25,5.806190529206513,5.806189554597885
26,5.806187936885168,5.806188878207771
27,5.80618924642537,5.80618823015515
28,5.806186504081498,5.806187498762555
29,5.80618786786775,5.806186797170877
30,5.8061849390516675,5.806186009518848
31,5.806186362471231,5.806185252689677
32,5.806183267753389,5.806184406103077
33,5.8061847661604045,5.806183593106407
34,5.806181468156743,5.806182688437725
35,5.80618301511786,5.806181819953746
36,5.8061795215078496,5.806180858215573
37,5.806181131510634,5.806179934595805
38,5.806177434145397,5.806178913270923
39,5.806179126397396,5.8061779321769444
40,5.806175243694324,5.806176850394005
41,5.8061770456615385,5.806175810190385
42,5.806172985784322,5.806174665399869
43,5.806174896494895,5.806173565002811
44,5.806170625598012,5.806172357123009
45,5.806172621269581,5.8061711957923405
46,5.80616812023361,5.806169923087978
47,5.8061702081761375,5.80616869985796
48,5.8061654669587455,5.806167361283171
49,5.806167638806076,5.806166074805861
50,5.806162661524116,5.806164667805749
51,5.806164959013365,5.806163313800787
52,5.8061597263203,5.8061618331950235
53,5.806162111165836,5.806160407384492
54,5.806156612829337,5.8061588495671685
55,5.806159113370288,5.806157348539099
56,5.8061533397992084,5.806155707159017
57,5.806155969805809,5.80615412249456
58,5.806149917692315,5.806152389719966
59,5.806152673572194,5.806150714463436
60,5.8061463348806,5.806148879293388
61,5.806149231905307,5.806147098553078
62,5.806142584886201,5.806145145422885
63,5.806145602764317,5.806143243536875
64,5.806138575392144,5.806141151100673
65,5.806141684215922,5.806139100862231
66,5.806134277016043,5.806136836706769
67,5.806137484188545,5.8061345997305125
68,5.806129628463262,5.806132117420133
69,5.806132905687769,5.806129640207614
70,5.806124569976832,5.806126875185049
71,5.806127877217636,5.806124081679346
72,5.8061189489777,5.806120943866154
73,5.806122209078351,5.8061177294208255
74,5.80611258500089,5.806114096908265
75,5.806115704233197,5.806110317847208
76,5.806105236105484,5.8061060141201395
77,5.806108083746882,5.806101457715088
78,5.806096564474417,5.8060962269471545
79,5.8060989488026475,5.80609058706479
80,5.80608610424876,5.806084059448754
81,5.806087742748406,5.806076894586522
82,5.806073190166047,5.806068543096292
83,5.8060736611168995,5.806059226569331
84,5.806056809928773,5.806048297777117
85,5.806055468897632,5.806035926408005
86,5.8060354746404546,5.8060213340844795
87,5.806031387805206,5.806004603477792
88,5.806007072888191,5.805984774929807
89,5.8059989096974665,5.805961797007865
90,5.805968622153568,5.805934461315407
91,5.805954511593041,5.805902507723007
92,5.805915866741034,5.8058643743196985
93,5.805893019589183,5.805819484732539
94,5.805842574282021,5.805765777054757
95,5.805806932826494,5.8057021908131885
96,5.805739650610704,5.805625950907933
97,5.805685346207694,5.805535280344648
98,5.805594061784506,5.805426379056638
99,5.805512578085217,5.805296393269432
100,5.805386788906485,5.80514003486377
101,5.8052656485480245,5.804952842457735
102,5.8050900717287135,5.80472735337222
103,5.804910916549389,5.8044567017950435
104,5.804663156345843,5.804130248695534
105,5.804399317666081,5.803737553387865
106,5.8040468497040205,5.803263308685619
107,5.803659165527749,5.802691730825642
108,5.8031541708516645,5.802000607694421
109,5.802585048284419,5.801166155804068
110,5.801857063201754,5.800155908991331
111,5.801021291199994,5.798934095839849
112,5.799966418490889,5.797452984888634
113,5.798738417288436,5.795658831616777
114,5.797203245970278,5.793481091230539
115,5.79539694472811,5.790838971813262
116,5.793153845422491,5.787627683792515
117,5.790492444058885,5.783725668397947
118,5.787202346277229,5.778976631996961
119,5.78327301182133,5.773197568556037
120,5.778430074606851,5.766154626391633
121,5.772616157655965,5.757572221440552
122,5.7654638293935605,5.747099522494874
123,5.756841168155094,5.734321619202481
124,5.746243665330564,5.718711366663423
125,5.733422888425546,5.699642212770594
126,5.717671515633894,5.676300669491557
127,5.69856190634778,5.647843741412188
128,5.675084104242481,5.613462285261268
129,5.646538002080537,5.572623462741225
130,5.611457837468693,5.524536394200691
131,5.568736158025358,5.467460134475701
132,5.516218700267247,5.399475962462192
133,5.452152174657168,5.319472733102796
134,5.373006066399849,5.226794627869683
135,5.27826773863023,5.120830898367903
136,5.168336135560658,5.0015771105856235
137,5.048174206460565,4.8698874007027335
138,4.912862840877255,4.7265578392136
139,4.745243482606126,4.571786688269443
140,4.541748733150434,4.405916742787854
141,4.3167830396859515,4.229783909902434
142,4.0780377711345235,4.045184512731118
143,3.8260757573935353,3.854442973335276
144,3.571103335552855,3.660533821628831
145,3.328147128455748,3.4657060839947817
146,3.095151997438051,3.269744314917377
147,2.860657285085721,3.0706841928169197
148,2.6257988188000825,2.867305168066081
149,2.3983451660877897,2.661289130794471
150,2.193429551183589,2.456351017415116
151,2.018804465532006,2.2564976323528994
152,1.8826413356838287,2.065139181147477
153,1.771368461217346,1.8854484065362094
154,1.6410242921673597,1.7200700495120713
155,1.465092008652333,1.570341425542173
156,1.2520403953621748,1.4368957792688384
157,1.036954811717144,1.321453226640653
158,0.8528626923220578,1.2264015320772157
159,0.7194221085660402,1.15311270882145
160,0.6335856494369234,1.1009327804251658
161,0.5916418143907143,1.0671752853737135
162,0.5942929091183705,1.0476057347372303
163,0.6330318969975788,1.0386426303925023
164,0.6931303645180265,1.040107240179203
165,0.7826913377783853,1.0552109244093755
166,0.9148683166582143,1.087706409176971
167,1.079146347484006,1.1381050645609152
168,1.254190840050477,1.203943882783576
169,1.4111695546058618,1.2817666388375446
170,1.5303894242271299,1.36948206817457
171,1.6100325830122426,1.4660089376901508
172,1.6673872683279767,1.5707418513775255
173,1.7369583247954397,1.6839259810801372
174,1.8369591211788898,1.8060405457750903
175,1.94413060862814,1.936067671770214
176,2.037961420329953,2.0700917567029706
177,2.1202317175374734,2.202411372784044
178,2.2124633775033837,2.327967512885161
179,2.32912546567117,2.4443478985451033
180,2.4794853554911143,2.5517382712313963
181,2.6703462316445843,2.652340519594309
182,2.8911925290271934,2.747874435466262
183,3.1231796056906065,2.8379860308282066
184,3.327301845447832,2.920888928292831
185,3.4608994369433304,2.9956278287691176
186,3.514201361870579,3.0620326092590044
187,3.5060164964848277,3.11995565795409
188,3.463416132580403,3.1682453942001967
189,3.420873053544668,3.2034562685427574
190,3.3869977540231337,3.2205187649276055
191,3.358967041310438,3.214307933275986
192,3.3292112755421384,3.180708854621312
193,3.2894308172012914,3.116845224627964
194,3.2332474691479103,3.021916205510299
195,3.1628465940490122,2.89832551860383
196,3.0816786299333083,2.7503417099617917
197,2.962921203837266,2.582089796449357
198,2.786610290418373,2.3972967204182876
199,2.5585512619154316,2.199478883641072
200,2.286409113243052,1.9933110489294483
201,1.973634265810337,1.7846573360422748
202,1.6185795013298692,1.5800447946123906
203,1.236267072626889,1.3857684204522642
204,0.8504928063138868,1.2069322064790906
205,0.47748205326101606,1.0466874023521069
206,0.13714076402115863,0.9055019451365666
207,-0.1398480084452193,0.7836480784763092
208,-0.32402327078608234,0.6831212015329163
209,-0.39679979065868914,0.6071260588951728
210,-0.3538144701957787,0.5581586206750501
211,-0.20754391768098399,0.5376080215002565
212,0.014195617630785739,0.5468668521170742
213,0.27844011976330824,0.5862246344522313
214,0.5403404000535846,0.6540668251732293
215,0.7695516039526269,0.7465186860206683
216,0.9771265054373013,0.8588864381941054
217,1.1906386944360496,0.986137404334129
218,1.4049952252808406,1.12301178847527
219,1.6037234806640552,1.2646684994877684
220,1.7852384524325853,1.4066269379151959
221,1.9447071546597186,1.544562222842108
222,2.071652239291851,1.6743942566488794
223,2.1416155485149146,1.7922474278784348
224,2.159760303143027,1.8960784023284551
225,2.1506693820752045,1.9844535668858458
226,2.1397156437544584,2.0550732673770846
227,2.15302100756628,2.105302096090531
228,2.201437421497913,2.1343858424932423
229,2.2752912110034402,2.1444363938758815
230,2.351172226152666,2.138524856272722
231,2.3997972018953098,2.1197029179724165
232,2.409297940153954,2.0903337698978213
233,2.360304565985648,2.0528698151386697
234,2.2482811142796097,2.0090359543374174
235,2.094757611278085,1.9597763271822244
236,1.9285026605296394,1.9050941789131963
237,1.784633405551561,1.8445631387107693
238,1.6788307755757124,1.7771096271886928
239,1.605912265254229,1.7018781924209831
240,1.543007573949136,1.618823315166296
241,1.4672643628501925,1.5288388113788498
242,1.3707508087204827,1.4312452046106516
243,1.2639960932817293,1.3251824965440135
244,1.1554369749119529,1.2100557825765141
245,1.0634622839225878,1.0845948056536323
246,0.9872742141005426,0.9461103124512675
247,0.921125385184661,0.7901505071059811
248,0.8561844355682935,0.6131956903302698
249,0.7800761337212782,0.4148268982258913
250,0.6526130183263916,0.19891490019544242
251,0.45117582078616125,-0.02750165891644718
252,0.1760002628646199,-0.2565236593312096
253,-0.16353997333379006,-0.48181692639233575
254,-0.5642182171129273,-0.6989413446510065
255,-1.0226430906635953,-0.9057786910011978
256,-1.5063559263870925,-1.100591150472764
257,-1.96472599262458,-1.2806762367970959
258,-2.3434083905989467,-1.441647435932011
259,-2.6082337011638184,-1.5798676111086822
260,-2.75164519874524,-1.6916733175656935
261,-2.7912827138185414,-1.7739124976915455
262,-2.7528025537441234,-1.824590494571949
263,-2.6596099503808532,-1.8433258340264465
264,-2.519350056387646,-1.8296117798522107
265,-2.3204061686533133,-1.781627346791546
266,-2.0412971488601825,-1.698898737701471
267,-1.707887019458804,-1.5833241924339978
268,-1.359889697899813,-1.439282023736579
269,-1.0291294214791717,-1.2728941075746052
270,-0.7362036809826416,-1.0903422419801678
271,-0.5007760835147359,-0.8962257107543954
272,-0.3173652419766897,-0.6934185669185359
273,-0.1589232955716326,-0.4836165032118036
274,-0.0172409627657427,-0.26882882630253413
275,0.11561582218993473,-0.05273883042463182
276,0.24935064595459266,0.15859300290326211
277,0.3867487897517127,0.35984900987147017
278,0.534288381954631,0.5480525498630953
279,0.7028148482453591,0.7230018845682402
280,0.8977260353013533,0.8858896442536636
281,1.1168271963403253,1.0388682650743288
282,1.3468281279792034,1.1838378171853685
283,1.5692137571489293,1.3211321804967322
284,1.7626758510419078,1.4505454971918814
285,1.9147211059689413,1.571397828128852
286,2.027774021949438,1.6824789991214013
287,2.119958603213439,1.7823918345027034
288,2.1957759933549763,1.869320496396508
289,2.2528390912572447,1.9408693076317514
290,2.2920866960220256,1.9942819276383998
291,2.312375244032914,2.0267469648117378
292,2.312198737746943,2.0360853596483524
293,2.2909577790554025,2.0210804076832862
294,2.2488117238204794,1.9810313290365669
295,2.1851798266151454,1.9154925392605857
296,2.099004296043119,1.8232630049512208
297,1.990693450479739,1.7003717748727727
298,1.8591531954210316,1.540726828598426
299,1.7011978654604034,1.3377321864938243
300,1.5149192350382648,1.0840145837461657
301,1.2991246217777341,0.7725685842260743
302,1.0417924354009542,0.39871476719899657
303,0.7350228900012844,-0.04016175613540786
304,0.3676424043808703,-0.5451110476999145
305,-0.09208353819862349,-1.1154601126118004
306,-0.6778330395832702,-1.749063197719059
307,-1.4010644666255794,-2.442454969125418
308,-2.274830153435829,-3.1908265209958966
309,-3.2936527473287307,-3.98789856704707
310,-4.417169968740456,-4.826126408471903
311,-5.6088196409638815,-5.696844614035478
312,-6.840275524340635,-6.5898700482046015
313,-8.081103341798805,-7.4938688407310075
314,-9.30585123588753,-8.396387199708652
315,-10.490358434834727,-9.282844721962004
316,-11.611534738247586,-10.13663838844251
317,-12.646098963460714,-10.940511059941652
318,-13.573181910608723,-11.676683194825745
319,-14.373803078366613,-12.328021109858149
320,-15.032665379643287,-12.880211180899938
321,-15.536955375474019,-13.3216907237794
322,-15.877688057216707,-13.6434373518306
323,-16.048318938758968,-13.839208556226385
324,-16.046119036232362,-13.905503379434327
325,-15.87077255361014,-13.841576315422907
326,-15.525928581349488,-13.649614309664694
327,-15.017735217912003,-13.334689410520635
328,-14.356591247492684,-12.904849570000144
329,-13.555451412794174,-12.371011245274437
330,-12.631714829262284,-11.746530216797714
331,-11.604985020922888,-11.046900068429924
332,-10.499158053630499,-10.289675637238995
333,-9.339671282629178,-9.493667483905433
334,-8.156218634599753,-8.678775801588943
335,-6.9774507788676825,-7.867299689616181
336,-5.8360647812398145,-7.081869236411036
337,-4.7647132333039,-6.3446608014315125
338,-3.792006867062257,-5.677049180245243
339,-2.9436127048538014,-5.098500161909568
340,-2.2476482957800417,-4.624114130682717
341,-1.7201721787549042,-4.265920939804187
342,-1.3780687545354942,-4.033067069682858
343,-1.2642025381004534,-3.9314545701102253
344,-1.3881804236568427,-3.9635560786604436
345,-1.7479833882805906,-4.128722284446233
346,-2.3395820661398203,-4.42284388158785
347,-3.1415690827520315,-4.838493745181795
348,-4.092766267178954,-5.365157195551303
349,-5.157507585109354,-5.989676081165413
350,-6.307788391446575,-6.696204105639925
351,-7.510646290321807,-7.467189647628787
352,-8.734045788503652,-8.283413129441056
353,-9.950442483011896,-9.122845560645949
354,-11.130253529788924,-9.962554647443888
355,-12.24641077799491,-10.779649759950088
356,-13.271948973713407,-11.551434865277548
357,-14.184952645907764,-12.256685897932226
358,-14.965152736321265,-12.877890191602214
359,-15.59791193455443,-13.400168958324823
360,-16.070091427156342,-13.810873529893783
361,-16.373986299788516,-14.100241389769128
362,-16.502943986019726,-14.261344070278694
363,-16.455695413392213,-14.29024198171448
364,-16.231713962034068,-14.186002810016033
365,-15.836087670536253,-13.950933012239021
366,-15.27444355323874,-13.590305772219654
367,-14.558525386116358,-13.112452776839334
368,-13.700470679687816,-12.528315039132618
369,-12.719267768078044,-11.852067803887635
370,-11.633894037675859,-11.100274897966624
371,-10.470604888856037,-10.292527227953583
372,-9.253948439216853,-9.448847348263456
373,-8.015154418008692,-8.589277587072338
374,-6.780658653364776,-7.734413386225607
375,-5.583598729062039,-6.9041755218995
376,-4.450673457600414,-6.117742862149755
377,-3.425461700144657,-5.396190419653881
378,-2.5378191205781437,-4.761550837884627
379,-1.8345282395538063,-4.229779433110578
380,-1.316706151597439,-3.8152567137939593
381,-0.9834397119521211,-3.528355346763947
382,-0.8441583467928901,-3.3761071448381745
383,-0.8918061126663053,-3.3617859017087306
384,-1.1186556777433299,-3.485990199283127
385,-1.5705814211906417,-3.745602458250749
386,-2.276958207841238,-4.134627977170652
387,-3.1473824821451792,-4.642817245549632
388,-4.172485089976721,-5.257073492501839
389,-5.3063802823158035,-5.960246920044854
390,-6.513480804552974,-6.734341250724822
391,-7.757372041678683,-7.560387048518401
392,-9.016336009703886,-8.418501764020254
393,-10.256619390479242,-9.288552084799154
394,-11.453132798158668,-10.15080150220584
395,-12.57286853096631,-10.982666469379105
396,-13.594431565717851,-11.760243110773978
397,-14.491649935328091,-12.464687399584292
398,-15.25040410383686,-13.078345604877443
399,-15.852264072236526,-13.58650360916069
400,-16.290223225826228,-13.977493583399024
401,-16.552711886686527,-14.242452977936072
402,-16.639145191063687,-14.375244266998449
403,-16.544150830309412,-14.372781890646081
404,-16.27333775294899,-14.23528707569046
405,-15.827379680730784,-13.9661725209338
406,-15.218332785253464,-13.572005076941135
407,-14.453224359414229,-13.061948432372523
408,-13.551300340842973,-12.44812263222252
409,-12.526641143345547,-11.745571692801278
410,-11.4065792128267,-10.972481839336561
411,-10.212296616136637,-10.146996118739882
412,-8.978226128957509,-9.292742420777403
413,-7.728806545346335,-8.43331353136364
414,-6.499417573849931,-7.5903680525503745
415,-5.310630333093023,-6.785444325496533
416,-4.201539701136821,-6.041966668921313
417,-3.206347162654168,-5.3810546425517
418,-2.374605863461329,-4.818553691544711
419,-1.6939689159463014,-4.3700992338701745
420,-1.2625786277390463,-4.046685748261252
421,-1.074430820861699,-3.856416701658297
422,-1.1003191343102334,-3.8034091580408664
423,-1.338752593761634,-3.8892450339557723
424,-1.835734966899511,-4.111591328536717
425,-2.5568078847611946,-4.46556959101233
426,-3.4262832227171667,-4.942303576785231
427,-4.454460905203908,-5.52982318688505
428,-5.585136471866109,-6.212005626575167
429,-6.787453777283435,-6.972611170266578
430,-8.024090343843755,-7.789003536121776
431,-9.27385231181463,-8.638455422910312
432,-10.501650876306941,-9.499319575377491
433,-11.682239057654062,-10.349947245762444
434,-12.782751445049028,-11.16595489226959
435,-13.781700144450916,-11.925114992231135
436,-14.65388977788345,-12.609580795870862
437,-15.384868702391678,-13.201512903888377
438,-15.957641213132609,-13.686745589446353
439,-16.364564783055368,-14.053784394025588
440,-16.595873878719438,-14.294179544073103
441,-16.650050660690788,-14.40203530569815
442,-16.5238726040282,-14.374798463132477
443,-16.221689684068938,-14.213030980243467
444,-15.746667688232284,-13.920707633804005
445,-15.109238849519167,-13.504664141756543
446,-14.319324811909686,-12.97458890585883
447,-13.394152259709653,-12.342873609109786
448,-12.35120304469903,-11.625206848860213
449,-11.215256021065464,-10.839101398945823
450,-10.011387710124783,-10.00430282446723
451,-8.770424365651962,-9.145760130698914
452,-7.5209312091386735,-8.286028831205575
453,-6.2929172875965875,-7.446165430843369
454,-5.112535531724629,-6.648175472374844
455,-4.013993360908907,-5.912962745777894
456,-3.039639528640283,-5.258988062384891
457,-2.2146666845963567,-4.703390726163163
458,-1.5694995381047363,-4.261234494259052
459,-1.1962821728611157,-3.943814672012423
460,-1.048709213148092,-3.7589974658397307
461,-1.1041484775492056,-3.7111107349682637
462,-1.382848435798864,-3.8012611876124316
463,-1.8754097707740605,-4.027225611776263
464,-2.5477805108356293,-4.383741257179292
465,-3.3934002077185856,-4.86209642660327
466,-4.3923908704250225,-5.449857255179688
467,-5.501699220626121,-6.131975871084594
468,-6.684677999016313,-6.890731784583959
469,-7.9084632099655625,-7.702477699079667
470,-9.143639356733695,-8.545552875659453
471,-10.360276922545554,-9.399126089958072
472,-11.529817148979152,-10.241020547897099
473,-12.624386410540524,-11.049505068495119
474,-13.619334443015786,-11.804868442541952
475,-14.492801770884677,-12.48802981677533
476,-15.227105981093322,-13.081494317328039
477,-15.807708633783848,-13.570781059457678
478,-16.22406239158422,-13.944309379648361
479,-16.468466334924344,-14.193335242326263
480,-16.536948678701314,-14.31202343669694
481,-16.428131141538444,-14.297582767049237
482,-16.144321243678657,-14.150398116679314
483,-15.690304943919324,-13.873934301384118
484,-15.074751880373844,-13.474671441220586
485,-14.30886057895961,-12.961900291077573
486,-13.408187762448582,-12.34795606572807
487,-12.390928738167833,-11.647744142723196
488,-11.280026855405865,-10.87865520350343
489,-10.100344868886934,-10.06044876256528
490,-8.880493442320502,-9.214882543666366
491,-7.648037735226968,-8.36434466907554
492,-6.432602960072215,-7.530717297953024
493,-5.262921068310411,-6.736114658556071
494,-4.17610992480233,-6.001873383065146
495,-3.2038940196960923,-5.346925314728898
496,-2.380461485628454,-4.787499063239717
497,-1.7407503980376402,-4.33781557041111
498,-1.3167567385208796,-4.008631719717245
499,-1.1184493989035988,-3.8080746304211823
500,-1.1390285634733457,-3.741109331749852
501,-1.3874574347741808,-3.8094160376758484
502,-1.8584089215371937,-4.011294496258968
503,-2.519795348907148,-4.341887510812262
504,-3.338515235643326,-4.792618162754165
505,-4.2966258672529,-5.35183245462353
506,-5.354717542916286,-6.004711573063459
507,-6.490317261557813,-6.733560313517218
508,-7.675118066236549,-7.518026578455107
509,-8.877558441894912,-8.336644270565808
510,-10.066415214568357,-9.167828266805175
511,-11.213595330269708,-9.989302637182625
512,-12.289261659756594,-10.778955796942817
513,-13.26975127334464,-11.516616751272378
514,-14.132285617547192,-12.184171721589196
515,-14.860027726205299,-12.765005294021341
516,-15.437149507402891,-13.245258979435631
517,-15.853567856896202,-13.613176495007956
518,-16.100340495781957,-13.859499034167994
519,-16.17399610156827,-13.977921634404213
520,-16.07216579722067,-13.965104007787799
521,-15.797692526839263,-13.820679862994785
522,-15.35450470134607,-13.54723857598125
523,-14.75163017103147,-13.150066279043289
524,-13.999283880373527,-12.637092703893417
525,-13.112832541859675,-12.018959806182526
526,-12.108923771117201,-11.308910808983377
527,-11.009165246146903,-10.522916599283398
528,-9.835697935472894,-9.679588879325927
529,-8.613960723995422,-8.798483658304676
530,-7.3673184935129985,-7.89710319764319
531,-6.120649928461332,-6.991135481108916
532,-4.89876126484946,-6.0938601524198
533,-3.733635567409253,-5.2162752778864405
534,-2.6562675578181896,-4.368431064544576
535,-1.705672082296595,-3.5598189999030763
536,-0.9204415365474943,-2.7988627355854017
537,-0.3141021231857296,-2.0927721604664558
538,0.15268249468606035,-1.4473548679928894
539,0.5097263707776765,-0.8667849228290431
540,0.7964512150580253,-0.35392962216275997
541,1.0448975705689902,0.08969404401859604
542,1.2619119597800406,0.46417984588317285
543,1.4421846216873362,0.7715646771237028
544,1.588288986600896,1.0157934081490871
545,1.70046510599413,1.2030743660715273
546,1.781813329051293,1.342031177806628
547,1.8362982889538233,1.4421874739297678
548,1.864076918480102,1.5103102375257256
549,1.86457606280308,1.5512960894316596
550,1.8419831687129222,1.568419873875916
551,1.799291394920283,1.5640750637913747
552,1.7398496006387274,1.5411912311630227
553,1.6653851603073313,1.5034487262292544
554,1.5807810746843196,1.454207301535487
555,1.488711207030781,1.3959050375884303
556,1.3788922394133043,1.329789038647108
557,1.2474717050844846,1.2561077487483219
558,1.1046793350546438,1.1740746197733947
559,0.9666909890472447,1.0815830371896524
560,0.8500029724697036,0.9760637818202452
561,0.762819532879511,0.8545364435693478
562,0.7019433421130784,0.7135904103825503
563,0.6510243549471163,0.5512686706088025
564,0.591725348107493,0.36798039974718955
565,0.5100350707756707,0.16651390505439745
566,0.38748059693141057,-0.04810439336665594
567,0.1997275762957213,-0.26976120564739386
568,-0.05736342793641323,-0.49264040644011353
569,-0.3882006935958685,-0.712746572872708
570,-0.7971789967236262,-0.9272249088318164
571,-1.2564061556201305,-1.1331673773848356
572,-1.7184078008247134,-1.3274407118227234
573,-2.1376856974394762,-1.505622061735506
574,-2.4842371321656587,-1.662006976840028
575,-2.7423509159687978,-1.7910148511693897
576,-2.9071462792143086,-1.888062660039758
577,-2.9952200067394577,-1.9500745835056539
578,-3.0106070747942453,-1.9770408164200977
579,-2.944144901074835,-1.9706333995793406
580,-2.7949766777688994,-1.9321480822335937
581,-2.55623994348297,-1.8620158568981913
582,-2.2232031237739025,-1.7607502137809212
583,-1.8121066671528374,-1.6305530825995374
584,-1.3593799627352154,-1.4753772310076414
585,-0.9164870460904064,-1.3001336291501628
586,-0.5427556203963965,-1.1098512542292258
587,-0.2728671904622433,-0.9085003367517022
588,-0.10444328450018728,-0.6997177190775459
589,0.005973900417111558,-0.4874273135903536
590,0.10437377528614435,-0.2761326442116992
591,0.20586266382543578,-0.07088380897879687
592,0.3089281964884669,0.12345298579544413
593,0.4120339174658125,0.30247505967141425
594,0.5179364693625603,0.46358627472594005
595,0.629096507855969,0.6071441720364196
596,0.7474800433405676,0.7371271399277943
597,0.8770823976946257,0.8600088292720751
598,1.0083273710468819,0.9815431463187474
599,1.1382390907092677,1.1034374129682791
600,1.274859182162436,1.2242065279325876
601,1.4102906626146259,1.3419910288413834
602,1.5406219082462493,1.4562338727952067
603,1.6675551054982245,1.5680502352948498
604,1.796937801648349,1.6795873292149481
605,1.9390032177348107,1.7920671272197248
606,2.0831744223399133,1.905217723285987
607,2.2000707001086837,2.017384902418914
608,2.2782178446436947,2.126916656885967
609,2.3259836801837626,2.2328723698056394
610,2.365299387657285,2.335364766397283
611,2.4247284424593896,2.4356553158774616
612,2.52560415992433,2.5351356931523745
613,2.6537328719419464,2.6346327709016792
614,2.7841907725332877,2.733530948647551
615,2.896091622087316,2.829472502992582
616,2.9798989514538348,2.9198580057808994
617,3.045441923263365,3.0037974528008613
618,3.119722320812022,3.081701326752691
619,3.2155205532578326,3.152295784053257
620,3.3312686991946805,3.2118757241703944
621,3.458502504985716,3.2559434438761974
622,3.5771050010740555,3.280583575283304
623,3.665951195945352,3.2847243330192932
624,3.7101134725296356,3.2700636441752113
625,3.710980746467993,3.2399464045169686
626,3.6804875757766347,3.197694041105624
627,3.5966839115939506,3.145078400903459
628,3.4377383097657535,3.0811924431929785
629,3.217947397163837,3.0042000361394505
630,2.969126525252263,2.9123634460929915
631,2.728266511189741,2.804530489401653
632,2.5202983733398163,2.6808859267842426
633,2.353981308238945,2.5419727518176227
634,2.219356410049634,2.38796059728312
635,2.0983603996243954,2.2188522062001086
636,1.9697750820233826,2.0349496649507928
637,1.8296572262943305,1.8394013121369786
638,1.6782100783584173,1.6380345745280618
639,1.5175092845416263,1.436505833693464
640,1.3515028739606592,1.2373774260326447
641,1.1655140465461828,1.04004816851512
642,0.9378946909085886,0.842682109080375
643,0.66702970697379,0.6443724725523156
644,0.3702418332889497,0.4477697896210342
645,0.0768135609453049,0.2593099007794469
646,-0.18686296719474443,0.08792166330985193
647,-0.40956993785892726,-0.05835202943629282
648,-0.6151848126424871,-0.17436302793950226
649,-0.8236601241257017,-0.25864905211681855
650,-1.0322906964855947,-0.3121506409722648
651,-1.2155921492661241,-0.33572771344400265
652,-1.3194918827134283,-0.32809317019339546
653,-1.2939175995241785,-0.2855817683920666
654,-1.1152131924293271,-0.20557474441383153
655,-0.8032692431362757,-0.08916896766258506
656,-0.4099878946993539,0.0594665611670712
657,0.0003608493499336693,0.23466514574787992
658,0.3884742745626252,0.4323959327054442
659,0.7411267420549036,0.6503797856065505
660,1.075316469419518,0.8866272989534665
661,1.432234939397708,1.1377834931835327
662,1.8103682648971793,1.3979140646964923
663,2.1721175424677424,1.6582798050419199
664,2.4885765517390683,1.9076763741700071
665,2.7440045845956305,2.1360163588905223
666,2.9439693525936708,2.3373149840472767
667,3.1000492280942122,2.510995986793698
668,3.2201645437588913,2.660174262363033
669,3.305219346875065,2.789141805114744
670,3.3628584045198435,2.8997552552993615
671,3.3926657266935187,2.9900049364680745
672,3.373925051876249,3.057271102982547
673,3.306850481832997,3.1015174688986376
674,3.213387358122225,3.1258599841194097
675,3.1266188987855235,3.135343969599668
676,3.073683234810649,3.134826884987598
677,3.062542511585705,3.1285287491343023
678,3.0663585727426277,3.1192699845444314
679,3.0567292004345394,3.1070874036148473
680,3.021159262157679,3.0898942914377336
681,2.968552128957378,3.066051294006598
682,2.9267418257129583,3.0370501360792543
683,2.9147163232402837,3.0070858502901108
684,2.934661829576418,2.981357725477869
685,2.9866827827348787,2.9631386578899495
686,3.0535067811412215,2.9527625146469196
687,3.085932890142552,2.9485191871364202
688,3.0533823853317945,2.949174935803155
689,2.963491772933089,2.9556248419473587
690,2.8519042091840605,2.9711442888611583
691,2.7674933376283994,2.9995742997558885
692,2.7502811115018764,3.043733608243302
693,2.798675682202975,3.105221057469352
694,2.886912656436106,3.184143743521166
695,2.9861626163967236,3.2785122333887213
696,3.0781620487438466,3.385117374332888
697,3.172827511030208,3.5023249196535016
698,3.3005093066060707,3.6307630266183626
699,3.4802923250625275,3.772198695839145
700,3.7216093784863893,3.9265249764814905
701,4.021490409309189,4.090942877045869
702,4.355270178509076,4.260706690126949
703,4.6853156003508785,4.431333719466028
704,4.972399318136228,4.599940830662366
705,5.195668705913601,4.76536966699644
706,5.365268310699289,4.927583681573374
707,5.50933381890716,5.086077706256135
708,5.6297772607463,5.238728591088188
709,5.727015547787206,5.382407679897084
710,5.806029746961323,5.513506056251999
711,5.869962210306366,5.628616762740076
712,5.921840657970192,5.72573127454284
713,5.963881670410066,5.804956714087294
714,5.998014311128661,5.868597153040957
715,6.025719955319913,5.920131882727877
716,6.048225233583032,5.962487454914055
717,6.06651592362265,5.997038842965492
718,6.081380152874851,6.02506145565716
719,6.0934831260945685,6.047815741659626
720,6.103331390958829,6.06628939902884
721,6.111373512151051,6.081301465403795
722,6.117927219302173,6.0935049117133895
723,6.123293840278157,6.103433867808182
724,6.1276686100504865,6.111516249782628
725,6.131258803833039,6.118100935175058
726,6.13418428919631,6.123468923401818
727,6.136592695831606,6.127849027053333
728,6.138555579607152,6.131426124885024
729,6.140179405055584,6.134350217535758
730,6.141502691542882,6.136742718110312
731,6.142602880116294,6.138701812977433
732,6.143497186668719,6.140307421769766
733,6.144244292383631,6.141624151622744
734,6.14484902166472,6.142705075071172
735,6.145357789349897,6.143592992904732
736,6.145767913845319,6.144323334685841
737,6.146116793807763,6.144924416465082
738,6.1463964013008034,6.145419858546942
739,6.146637219759236,6.145828324374401
740,6.14682817756417,6.146165627187545
741,6.146994977631762,6.1464441341877505
742,6.147125232122191,6.146674577920258
743,6.147241324837128,6.14686520777567
744,6.147330441256268,6.147023364623177
745,6.14741216785794,6.147154512044576
746,6.147473537080658,6.14726366175542
747,6.147531789949839,6.147354382575985
748,6.14757414217948,6.1474301245913905
749,6.14761600612001,6.1474932223310965
750,6.147645173853845,6.14754610339838
751,6.147675629781027,6.147590294633988
752,6.147695844919865,6.147627530450391
753,6.1477184429350755,6.147658783564563
754,6.1477326086405,6.147685294669914
755,6.147749768577945,6.147707654714989
756,6.1477597575780845,6.147726765645427
757,6.1477729790739675,6.1477429700360995
758,6.147780036775275,6.147756946993594
759,6.147790419872696,6.147768881921995
760,6.147795476817445,6.1477792970077045
761,6.147803880892222,6.1477882688419285
762,6.147807641152579,6.147796202224833
763,6.147814648669302,6.147803101311434
764,6.147817533828524,6.147809287602486
765,6.147823468981923,6.147814719648434
766,6.147825727414388,6.147819663337315
767,6.147830834831234,6.1478240542123075
768,6.1478326453966075,6.14782811548903
769,6.14783712279707,6.147831766313429
770,6.1478386458121435,6.1478351951934505
771,6.147842626493887,6.147838311368637
772,6.147843961879464,6.147841275376357
773,6.147847545404991,6.147843992269997
774,6.147848743977962,6.14784660382276
775,6.1478520148238465,6.1478490184670775
776,6.1478531397563,6.147851361559555
777,6.147856134711843,6.147853545949584
778,6.147857196657847,6.147855683440138
779,6.147859972045567,6.1478576895701895
780,6.147860993291519,6.147859664437574
781,6.147863552754823,6.147861529096366
782,6.147864541778246,6.147863371572778
783,6.14786693257965,6.147865119347818
784,6.147867903078981,6.147866850384087
785,6.147870153851752,6.147868496372096
786,6.1478711202266,6.147870127864682
787,6.147873233137993,6.147871684724767
788,6.147874193425084,6.147873228450255
789,6.1478761903521395,6.147874704069269
790,6.147877126454877,6.147876166830088
791,6.147879005355738,6.147877568264428
792,6.147879902630791,6.147878955946389
793,6.147881642607999,6.14788028695602
794,6.147882506622849,6.147881603029602
795,6.147884158193363,6.147882867399918
796,6.147884983716632,6.14788411549002
797,6.147886533187816,6.147885316479666
798,6.147887322986234,6.14788649978471
799,6.1478887785729475,6.147887639816907
800,6.147889520053537,6.147888760019963
801,6.14789089075301,6.147889839921165
802,6.147891592403488,6.147890898317698
803,6.147892912517423,6.147891919696344
804,6.147893585848444,6.147892916619942
805,6.147894850951634,6.14789387891302
806,6.147895492915886,6.147894815383609
807,6.147896710931656,6.147895720471982
808,6.147897290109908,6.147896597107585
809,6.147898443577338,6.147897445830754
810,6.147898953768394,6.147898266055898
811,6.147900027423639,6.147899060677202
812,6.147900451247604,6.1478998234693885
813,6.147901479468778,6.1479005629242645
814,6.1479018401872185,6.1479012687868675
815,6.147902824778538,6.14790195376537
816,6.147903102427084,6.1479026034782756
817,6.14790405558999,6.14790323440652
818,6.1479042841061355,6.147903828621631
819,6.147905193936499,6.147904406576
820,6.14790532266284,6.1479049461615665
821,6.1479062227051795,6.147905473496263
822,6.147906291375328,6.147905962096413
823,6.147907180564661,6.147906440016292
824,6.14790718774819,6.1479068767099045
825,6.1479080676400395,6.147907305051048
826,6.147907985981907,6.1479076915648685
827,6.147908846755989,6.147908069777234
828,6.1479086663086155,6.147908401163026
829,6.147909519448161,6.147191350310894
830,6.147909246050309,6.1444247161085235
831,6.147910082026578,6.138579353367426
832,6.1479097006722405,6.129087546828688
833,6.147910534919119,6.115949342485042
834,6.147910059675852,6.099732363151393
835,6.147910863412562,6.081465848561525
836,6.147910249050366,6.062481904546463
837,6.134998278598133,6.043497962675066
838,6.098105907020182,6.024513967402464
839,6.042689693365436,6.005529974966229
