2.339638081052465878e-149
3.152452972694518226e-140
2.135721635802981251e-131
7.275063332572897423e-123
1.246020015059681417e-114
1.073023868393711425e-106
4.646114369012299022e-99
1.011501670597739580e-91
1.107234437786438119e-84
6.094091537799095660e-78
1.686455961014484903e-71
2.346594714218537359e-65
1.641719412539501304e-59
5.775090249710737599e-54
1.021456223345481497e-48
9.084177465770542162e-44
4.062214046060804273e-39
9.134033235466521751e-35
1.032772102368963459e-30
5.872492298308830697e-27
1.679481887056039605e-23
2.416379581383847179e-20
1.749720285673197241e-17
6.381031633360827478e-15
1.173430719185134151e-12
1.090360939694954139e-10
5.137810073098529824e-09
1.235326142211936291e-07
1.533201006304778165e-06
1.007461330997046763e-05
3.765142669980782084e-05
9.993903617608436505e-05
2.817734414735476880e-04
8.964052370895454454e-04
2.513174510294762139e-03
5.800450682861730232e-03
1.152096329482070816e-02
2.047941174795757380e-02
3.320435310265815176e-02
4.959537182096176999e-02
6.848218224786219166e-02
8.834544362275635609e-02
1.079868281731402313e-01
1.250257848218783718e-01
1.365585538499157481e-01
1.417413658217672734e-01
1.427954589674396979e-01
1.428165867814025214e-01
1.427565589459761919e-01
1.426031874844665426e-01
1.428545821170797148e-01
1.430915177802734861e-01
1.426299876223149632e-01
1.419475639880122542e-01
1.419709933493098208e-01
1.429715277332344048e-01
1.440107562861792645e-01
1.448632546188157733e-01
1.454852353887010064e-01
1.466359491492510714e-01
1.502172214801456296e-01
1.559064731770498924e-01
1.623773896585327670e-01
1.688696559778606332e-01
1.736675650977367591e-01
1.767054144975083452e-01
1.803989395246513028e-01
1.840161345210338806e-01
1.850318261233225015e-01
1.835142724082046706e-01
1.797040990992919973e-01
1.743795115523138484e-01
1.694469593177360678e-01
1.652600345169183971e-01
1.609195549906694833e-01
1.557675300817133734e-01
1.503577808558070605e-01
1.442156915780769544e-01
1.365712827860424694e-01
1.287015510618134406e-01
1.214104811784584986e-01
1.144969497776466699e-01
1.077201966680319811e-01
1.016824233607718231e-01
9.733377919415077406e-02
9.378258126191360566e-02
9.040085976134805412e-02
8.843530584692183005e-02
8.788643814084581840e-02
8.716456529359736805e-02
8.567199616604631585e-02
8.462565412049856406e-02
8.515858531881902171e-02
8.614623203691089415e-02
8.662196088022118545e-02
8.708375878290472438e-02
8.722285156035887443e-02
8.655827686881285843e-02
8.583815869084664152e-02
8.574509101054342275e-02
8.639786262928064731e-02
8.768407035935479876e-02
8.848078624890569344e-02
8.789272665971976928e-02
8.691871951974050603e-02
8.656193693250098520e-02
8.665430895101881859e-02
8.662486374083322449e-02
8.609303579790442140e-02
8.557032228285217645e-02
8.663638259973333033e-02
8.974764696910451922e-02
9.294499061282961161e-02
9.513435443775643263e-02
9.751200174299276546e-02
1.006242866046358070e-01
1.037840804679549950e-01
1.060162166593525690e-01
1.078364791936884254e-01
1.095665885216927787e-01
1.101998022003573413e-01
1.102779723033801978e-01
1.117009051095661648e-01
1.150284628936998066e-01
1.185070874158914017e-01
1.206060483288501212e-01
1.225379904407746662e-01
1.249981439486819723e-01
1.261201970114271265e-01
1.259389829496465329e-01
1.263828617842802371e-01
1.270728879399839195e-01
1.273945084766075764e-01
1.281868942478926188e-01
1.297810416270097911e-01
1.319448033262244635e-01
1.332812974384182669e-01
1.321394606806887140e-01
1.297365104752171983e-01
1.284999801061687263e-01
1.280221601355855388e-01
1.270150263410422808e-01
1.259677220275814691e-01
1.255293421229248252e-01
1.251032334758568898e-01
1.239144411233108756e-01
1.215554485413767316e-01
1.181676676324986269e-01
1.156013551355469238e-01
1.149598672388589538e-01
1.147071750149182418e-01
1.137668981491161413e-01
1.126290576838891860e-01
1.117323966121333556e-01
1.106810037687444154e-01
1.091537059948365362e-01
1.077589456092573755e-01
1.067573269354217952e-01
1.067320524300944817e-01
1.079956340921828239e-01
1.085229125218943880e-01
1.078362792971236245e-01
1.075410587235143128e-01
1.078475336645654814e-01
1.083839825906850046e-01
1.090769855214049067e-01
1.098024732442551554e-01
1.096377258587409448e-01
1.079203268520866205e-01
1.062271466106139289e-01
1.065315155955760956e-01
1.084439264393406849e-01
1.101356079345828798e-01
1.106119922339358214e-01
1.099375253544795789e-01
1.089411333619492578e-01
1.085450722692293535e-01
1.088856154811451565e-01
1.091526021810833580e-01
1.091216130774173565e-01
1.095147318281812221e-01
1.104712685598687044e-01
1.113346833910454220e-01
1.115711053524938157e-01
1.110050330297729232e-01
1.104830580538793267e-01
1.103222800523169650e-01
1.104140341158910688e-01
1.117732506233960893e-01
1.140558291358962917e-01
1.157377497549726408e-01
1.162435075966486153e-01
1.160885874599049267e-01
1.157170509938884456e-01
1.150884817741960331e-01
1.141916476979357026e-01
1.120712347929162384e-01
1.025154601474828064e-01
7.628773324174867310e-02
