9.689019180879409921e-142
7.365432087531300109e-133
2.815222832828497313e-124
5.410326619451014573e-116
5.227937655451487570e-108
2.539999318859297584e-100
6.204877489319220538e-93
7.621306718423503805e-86
4.706766223988005811e-79
1.461548853563411730e-72
2.281930892026222871e-66
1.791395994893954301e-60
7.071037905233946349e-55
1.403399412119923564e-49
1.400530982771840639e-44
7.027948176417416671e-40
1.773401272448484531e-35
2.250391556104721727e-31
1.436253223449721189e-27
4.611122558240576376e-24
7.449339384878824550e-21
6.058735524881807297e-18
2.482883337628072374e-15
5.133653365616554786e-13
5.367331416251618860e-11
2.848161247705989728e-09
7.720086981106020460e-08
1.081495416069300673e-06
8.019263126096314311e-06
3.323938714799458931e-05
8.761646104719164488e-05
1.876891022204533999e-04
4.188475471163580471e-04
1.020031396490922795e-03
2.448010611214634057e-03
5.386927764644919986e-03
1.091447276124264502e-02
2.062864240901578217e-02
3.589298615048083091e-02
5.663492905771774777e-02
8.140338477840353137e-02
1.079616978000562666e-01
1.335178024003071673e-01
1.556606481608296400e-01
1.718516850228876125e-01
1.797143424739400808e-01
1.790522026883430429e-01
1.711346456646910541e-01
1.583020323775721494e-01
1.436751416941559056e-01
1.295736163738042124e-01
1.163993394733642411e-01
1.047712017795176670e-01
9.671648093223889076e-02
9.211884572124115489e-02
8.916466203169440274e-02
8.833024049249807441e-02
9.129318967585639544e-02
9.849372659656140117e-02
1.088076838662855733e-01
1.199874467717610832e-01
1.309126811228386866e-01
1.417082349673615127e-01
1.518291800195103736e-01
1.605703214022130565e-01
1.679554074771958672e-01
1.742864671829077172e-01
1.791695405504679095e-01
1.815444623617480657e-01
1.811866937772137753e-01
1.792592523119116710e-01
1.772329642846972309e-01
1.751640578413489469e-01
1.716499179877895298e-01
1.671454102851266388e-01
1.627147167370304737e-01
1.581475047579881110e-01
1.537664404782038696e-01
1.492267722471732616e-01
1.440495507114044060e-01
1.388808272545484501e-01
1.337840145284091287e-01
1.283608334023602082e-01
1.227193905572705052e-01
1.173743186187036908e-01
1.125246141140882339e-01
1.080801821736436796e-01
1.040153089584723578e-01
9.965222566722262143e-02
9.501634386060069104e-02
9.126963582100999783e-02
8.921952812493465224e-02
8.845401427375615411e-02
8.772537274205702285e-02
8.631657464794910417e-02
8.444134905909000954e-02
8.306367845484036172e-02
8.265158384136443714e-02
8.246619686658442083e-02
8.192846509647253028e-02
8.104804841495442946e-02
8.028062450933537431e-02
7.975589718860343069e-02
7.917972345485418950e-02
7.885439879320566003e-02
7.946744692419821510e-02
8.082280925261960125e-02
8.219408286073436043e-02
8.374298459098819536e-02
8.562053635624815306e-02
8.784951133550870928e-02
9.073887322204871042e-02
9.365616733941288519e-02
9.624954939341634486e-02
9.970962266910919636e-02
1.037861179201683276e-01
1.066538977256244747e-01
1.085604331617493618e-01
1.106564741792767786e-01
1.130526051575586749e-01
1.153043154648402124e-01
1.172776249572955592e-01
1.187751896674248547e-01
1.189180056884801134e-01
1.188656433188986783e-01
1.205648625256137974e-01
1.230150451811384549e-01
1.243393897395908554e-01
1.246308379463930971e-01
1.255517516843351888e-01
1.268485863238097977e-01
1.268064965393390919e-01
1.256840453266328261e-01
1.244871713990109569e-01
1.242238341466935792e-01
1.259000578020376404e-01
1.276871114847688837e-01
1.280696831404901648e-01
1.283766164834967138e-01
1.288027083348858015e-01
1.285890779516055682e-01
1.286657313724683949e-01
1.291560016095991137e-01
1.284108646871522930e-01
1.263770807042927935e-01
1.241734379701676522e-01
1.223786206029417178e-01
1.213672576220102689e-01
1.208042939820172523e-01
1.198693966907922598e-01
1.185889702460866529e-01
1.178129071128400512e-01
1.179097138634799258e-01
1.179474507260404731e-01
1.158701433487326071e-01
1.111344305063347859e-01
1.066068349029136442e-01
1.050214312567153835e-01
1.057260765984859435e-01
1.061711719110416813e-01
1.056586780246561441e-01
1.058172882675677967e-01
1.067908648302582642e-01
1.069918312520055648e-01
1.059364107910090586e-01
1.045744584303477109e-01
1.038308616123799905e-01
1.034768947676650008e-01
1.035722835766549610e-01
1.046832383404528860e-01
1.069746761917734629e-01
1.093373185539442544e-01
1.096259881825964594e-01
1.084909249441432799e-01
1.083286575014104636e-01
1.081526539495789307e-01
1.070573064678721070e-01
1.068464874646845031e-01
1.077430536710990289e-01
1.084080772227737771e-01
1.090603727910208209e-01
1.105837760576854900e-01
1.126454012185837822e-01
1.140605658940586353e-01
1.144763455001817365e-01
1.148823842018640434e-01
1.158903494962751635e-01
1.171080206175855037e-01
1.178179431206481803e-01
1.179018842721678423e-01
1.181772134119872253e-01
1.201129421480311987e-01
1.227223166612687322e-01
1.241466485238500034e-01
1.246729247085370945e-01
1.245966830804375591e-01
1.224159830865226284e-01
1.110911160113232238e-01
8.148017502062744610e-02
