0.000000000000000000e+00
2.059631233749425661e-288
1.576113635604630377e-275
6.064313889735117176e-263
1.173199602807422332e-250
1.141190719247997685e-238
5.581367816409667741e-227
1.372521465770929858e-215
1.697046474570894806e-204
1.055029043316885045e-193
3.297852166353839863e-183
5.183153141164534047e-173
4.095934346231842079e-163
1.627451375241048345e-153
3.251315732174802711e-144
3.265926135342118933e-135
1.649489896661367320e-126
4.188794457941159854e-118
5.348407998890288284e-110
3.433650581059583644e-102
1.108367429406817284e-94
1.798901985461240187e-87
1.468004328290832914e-80
6.023421570758261214e-74
1.242668451133547551e-67
1.289031036674881464e-61
6.723068941138597432e-56
1.763063051849749201e-50
2.324685530358467917e-45
1.541191729282248354e-40
5.137421705971476756e-36
8.610529384934725392e-32
7.256222381817152247e-28
3.074591504812541987e-24
6.550288380245360149e-21
7.016649218135923102e-18
3.779167650712495879e-15
1.023439597173345022e-12
1.393598864059246130e-10
9.542458749705834890e-09
3.286806186493647007e-07
5.702262105449211735e-06
5.009246186488708910e-05
2.277265317310011976e-04
5.844459377275917087e-04
1.100321508747130602e-03
2.075568149537166361e-03
3.701419450370023456e-03
5.816074038924803555e-03
9.160682160304878599e-03
1.534766811554817180e-02
2.711390008905575563e-02
5.136919514487535421e-02
1.027624634884544141e-01
2.038593948748456675e-01
3.824027531443725536e-01
6.594147396148831719e-01
1.033668129226070986e+00
1.495607653658615588e+00
2.014839661151460515e+00
2.519531944928083078e+00
2.944005970350894064e+00
3.248056363177485473e+00
3.390936256710382235e+00
3.346501760402144754e+00
3.140800318634925592e+00
2.823798716374898543e+00
2.440179786591371691e+00
2.056684796645420032e+00
1.731356344291950178e+00
1.464162257273907919e+00
1.238356038885129351e+00
1.050565196958585412e+00
9.048504121417366708e-01
8.153495934591253880e-01
7.826039813511468379e-01
7.823611852121518107e-01
7.956472483939849294e-01
8.143569506089970433e-01
8.337648091697325015e-01
8.583531446499981232e-01
8.902693668597208010e-01
9.169180166284938149e-01
9.263098012409692883e-01
9.217671285939468273e-01
9.158868256253174245e-01
9.109329920582915907e-01
9.053529292108357662e-01
9.025912434844409749e-01
8.939124936318142423e-01
8.745163301025123959e-01
8.585868878062644649e-01
8.409876440472681125e-01
8.066874597129031210e-01
7.659254068330828558e-01
7.308990546803715294e-01
7.003311796021330915e-01
6.690762610275380329e-01
6.342341574261742831e-01
6.009398577647234729e-01
5.792069330103709612e-01
5.687406359188342808e-01
5.685239147665059889e-01
5.765093057405992205e-01
5.809035454539965837e-01
5.807473917131289465e-01
5.803454829401952786e-01
5.829208401394081474e-01
5.928671631481048365e-01
6.107643096139560024e-01
6.373384890339133246e-01
6.660845677405754506e-01
6.896657673241520792e-01
7.130265945655035464e-01
7.344439293872497831e-01
7.502846631555308843e-01
7.678606449698990311e-01
7.946737508757142354e-01
8.297401818831875442e-01
8.621248306728191979e-01
8.758526088427653900e-01
8.672308121034282280e-01
8.573048883123177699e-01
8.674028790037362491e-01
9.039657509887877307e-01
9.543290496702987458e-01
1.005656493852754130e+00
1.047414703092616861e+00
1.065749636934063105e+00
1.071760846961706592e+00
1.089009855438604513e+00
1.119393683203709022e+00
1.149035891719303093e+00
1.170896130306979810e+00
1.180750987404707297e+00
1.184704106801698575e+00
1.192989797531281759e+00
1.200378193268308857e+00
1.203349445673470575e+00
1.201203117332516168e+00
1.193431617067533645e+00
1.183602680957552389e+00
1.175809298331712105e+00
1.164178690415871298e+00
1.140119683376407567e+00
1.109980085740429834e+00
1.076383173559386730e+00
1.046868791800571907e+00
1.028179585588702816e+00
1.010594998672814215e+00
9.903011258456184684e-01
9.677045750950559189e-01
9.451669914773245251e-01
9.284865373107480391e-01
9.186383298199519709e-01
9.108801411727662778e-01
8.971718441647614783e-01
8.741654714201529952e-01
8.515617993581812151e-01
8.351330021641105716e-01
8.260175602754689095e-01
8.269496629833632539e-01
8.374185581489289598e-01
8.492478138907877394e-01
8.497680186943485925e-01
8.447053238090453942e-01
8.432418682829704304e-01
8.415131402562431306e-01
8.436426716799179104e-01
8.523894073963320661e-01
8.595329696684690379e-01
8.636666822436153135e-01
8.760257269267679447e-01
9.022771345542379695e-01
9.276850693317508778e-01
9.306950975176156993e-01
9.160829959180257775e-01
9.115000023338255541e-01
9.226241202796605645e-01
9.358219975314745476e-01
9.459933402759926890e-01
9.521890175271465750e-01
9.477048941475288979e-01
9.375635876465326923e-01
9.399780079263474475e-01
9.539271644544664586e-01
9.654983910005795478e-01
9.724232587547384510e-01
9.840845137699574252e-01
1.001222501072798421e+00
1.011812988385690115e+00
1.011828625327607423e+00
1.004897925636785816e+00
9.906988672151013642e-01
9.721422479826802299e-01
9.648710453513456020e-01
9.617441470243108803e-01
8.932855429477778442e-01
6.711864535962884792e-01
