3.458459520888725486e-299
4.776541020786602511e-286
3.223928960615025110e-273
1.094107108740957347e-260
1.866972600680036691e-248
1.601848190206038815e-236
6.910539949553857818e-225
1.499036273655767989e-213
1.635025939162362831e-202
8.967118615841428881e-192
2.472868969400643907e-181
3.429053725106056248e-171
2.390994967093101192e-161
8.383431101263342276e-152
1.478131222649190647e-142
1.310580331888719546e-133
5.843698671250697067e-125
1.310396811947071658e-116
1.477849233517874713e-108
8.382939033746039585e-101
2.391852537827104652e-93
3.433093034752238567e-86
2.479140897063137498e-79
9.008356940191395276e-73
1.647400579749630733e-66
1.516572047609522854e-60
7.030135435741830942e-55
1.641571539535166031e-49
1.931745254792161959e-44
1.146254616999735215e-39
3.432100141584326693e-35
5.189947296265995940e-31
3.967779587487043595e-27
1.535539804595540904e-23
3.012629966430726973e-20
3.001492865316482775e-17
1.521442697134878368e-14
3.931798935212165101e-12
5.191603175281891903e-10
3.511163950953800746e-08
1.220063306060455133e-06
2.188720840890477038e-05
2.046008710936360656e-04
1.017205577449508107e-03
2.824492389841634296e-03
4.949406794249707614e-03
7.056884551527442019e-03
1.028843422493337309e-02
1.426806283837693881e-02
1.717936352520033072e-02
2.097285958798840791e-02
3.349847511996115884e-02
6.348894517969036477e-02
1.166767240336377270e-01
2.060924137152410629e-01
3.568665292079171714e-01
5.922078567818827022e-01
9.213039488744142469e-01
1.325898313583879551e+00
1.775377300065888342e+00
2.240864099091647521e+00
2.669614297462564068e+00
2.999183257197792329e+00
3.184050792770169114e+00
3.191194648913969090e+00
3.021455024183961058e+00
2.727897764807876158e+00
2.391052640385244565e+00
2.068734362805685123e+00
1.775494875918714355e+00
1.517493587076357064e+00
1.298694478077696557e+00
1.116535684989659050e+00
9.773844993539719805e-01
8.841678325101731684e-01
8.313850857255387083e-01
8.014500392718449939e-01
7.885606871585473243e-01
8.023998264614108367e-01
8.302658590915528158e-01
8.527072754103118823e-01
8.720876667414629857e-01
8.913596485932482327e-01
9.111268475481490992e-01
9.306596121477443972e-01
9.474339438924969103e-01
9.601201638451221099e-01
9.627921253075902852e-01
9.453691272199098439e-01
9.094003733271218692e-01
8.754063131106069040e-01
8.580658358069536140e-01
8.473738465156953614e-01
8.316274715744903512e-01
8.105386169042555489e-01
7.827283314391193514e-01
7.523734018715731997e-01
7.235817507676995941e-01
6.919564568455712772e-01
6.619536836633190813e-01
6.414921522747776272e-01
6.268138293180266496e-01
6.123849865296820960e-01
6.047104291412959132e-01
6.115210476175606535e-01
6.237238262543827183e-01
6.285291526735350409e-01
6.264180858600203461e-01
6.283926455999745420e-01
6.502594800755320259e-01
6.879196216256220353e-01
7.162768298565124203e-01
7.258008546794748606e-01
7.370577815990945192e-01
7.682369295459774428e-01
8.003819144475202707e-01
8.122140080143445129e-01
8.173162724190925488e-01
8.350829679688933638e-01
8.601849559274030721e-01
8.797956689203461078e-01
8.864052714504940811e-01
8.844011872865549240e-01
8.950040383372454000e-01
9.293862532942698262e-01
9.730115035934291390e-01
1.009645475194348219e+00
1.031636289707294152e+00
1.043959547188662240e+00
1.058718638569691839e+00
1.077428426344483325e+00
1.106196975786365444e+00
1.144714091596452432e+00
1.170817738607810021e+00
1.174750932017075034e+00
1.170031873461296446e+00
1.174100373571373979e+00
1.190693769763070842e+00
1.202223929327543184e+00
1.197818902329880641e+00
1.184346209441112130e+00
1.172011355814722933e+00
1.165851515084158407e+00
1.151991728068644472e+00
1.126125407156610247e+00
1.102383788058398428e+00
1.089535525939012706e+00
1.084760344377377672e+00
1.073812162902266110e+00
1.043685727482774217e+00
1.004525496930620543e+00
9.748040050077151353e-01
9.552848084385828775e-01
9.470199435633670504e-01
9.413229749197868923e-01
9.123347001811739077e-01
8.671250625032578263e-01
8.353502035695086203e-01
8.269548387567285941e-01
8.335507121486246396e-01
8.398914985037239100e-01
8.379066363272171802e-01
8.328652953954504001e-01
8.297572681521854232e-01
8.267666007593063027e-01
8.170984971301752386e-01
8.055455928404248178e-01
8.096213826949404391e-01
8.302012397577172020e-01
8.469429455058605782e-01
8.443600979442581478e-01
8.349113656570468223e-01
8.413238753298112327e-01
8.594161297530242827e-01
8.778557803228885792e-01
8.955496413353077889e-01
9.115378086525829371e-01
9.224135208789154827e-01
9.268265645232094396e-01
9.382549673759024156e-01
9.625780577855534981e-01
9.878338828581791908e-01
9.988690944486293688e-01
9.913924073724010855e-01
9.835017850603593459e-01
9.903990400437276964e-01
1.004845387845561433e+00
1.016234335207912842e+00
1.022509862076823817e+00
1.021624069041601857e+00
1.012637414240303846e+00
9.991932947087689421e-01
9.903763950416312190e-01
9.997125087128132526e-01
1.019925167264666532e+00
1.030788892018695169e+00
1.020794598535936570e+00
9.353631420107152428e-01
6.922266206731213511e-01
