2.090866829557431975e-157
5.074656720967808697e-148
6.192758431174389019e-139
3.799787075950900755e-130
1.172283702658495055e-121
1.818467478121351337e-113
1.418336056732767871e-105
5.562315814247050326e-98
1.096826882216685337e-90
1.087504096142783183e-83
5.421763080600832347e-77
1.359178155680598659e-70
1.713374000744373830e-64
1.086145404496511964e-58
3.462686767199155197e-53
5.552277202515272654e-48
4.478426982219700066e-43
1.817483329909515974e-38
3.712320631519831746e-34
3.818194099255624614e-30
1.978869554902744951e-26
5.173508681207142143e-23
6.833680732600801056e-20
4.571567362270641165e-17
1.554449219372311728e-14
2.701010083557643538e-12
2.417703275352695281e-10
1.128213528115302541e-08
2.793731851200439502e-07
3.769954080674579351e-06
2.890222590746696681e-05
1.350463215646399815e-04
4.344699877426031940e-04
1.141428794786226953e-03
2.765677487039319270e-03
6.249518089812885341e-03
1.299428764009937474e-02
2.471407646528924612e-02
4.256073331148003958e-02
6.608748977018423509e-02
9.372425583295640461e-02
1.238225867408105640e-01
1.533412497873309910e-01
1.781713755115935383e-01
1.941612641637321390e-01
1.986264293475853704e-01
1.933977504811667247e-01
1.810922143485452218e-01
1.638583452361190018e-01
1.457309783208027010e-01
1.299678026716327983e-01
1.167935074821516844e-01
1.055355825750223520e-01
9.664043704289665415e-02
9.068297278451734056e-02
8.793759840305542808e-02
8.858090636875755319e-02
9.263062024699947328e-02
1.001048682821992775e-01
1.111190808962721072e-01
1.241208673644782629e-01
1.371972128470996533e-01
1.503814849296084000e-01
1.627386943921199092e-01
1.724431734313395248e-01
1.791536335649482614e-01
1.838211431871130674e-01
1.870115019704176040e-01
1.887605576129268159e-01
1.894719342373502591e-01
1.885229068247611106e-01
1.854457697741397626e-01
1.808370618830682786e-01
1.749979825787981169e-01
1.686524468080177197e-01
1.633355792388441197e-01
1.584841018011386993e-01
1.533729963651701278e-01
1.488583824898079555e-01
1.448357521753844690e-01
1.397638752805792361e-01
1.333165904632002408e-01
1.263563053425191818e-01
1.194353921483661679e-01
1.131164453896131433e-01
1.072245336886830658e-01
1.017646621769102006e-01
9.733271676210164536e-02
9.366908823346214996e-02
9.048983322921265449e-02
8.805556057306367090e-02
8.652121542966238754e-02
8.490610793886285701e-02
8.244459872260991029e-02
7.984596973149732380e-02
7.783074085555999333e-02
7.680733346585655319e-02
7.663644214380227471e-02
7.654688214380904465e-02
7.596016434732387468e-02
7.490629556496861130e-02
7.394449349640817848e-02
7.343959151950212039e-02
7.352591768168645348e-02
7.400556644474658163e-02
7.466320588738679931e-02
7.593843099763319948e-02
7.830133484450861603e-02
8.114166632466929263e-02
8.358827168295594745e-02
8.570760704276025876e-02
8.819093582302146850e-02
9.174001504214131242e-02
9.567819071173930268e-02
9.871140011084968136e-02
1.012558673125302372e-01
1.042705599174837960e-01
1.074699034329218844e-01
1.102095507138947938e-01
1.120078362494840718e-01
1.126227069604077285e-01
1.128912235715560791e-01
1.139102855061961128e-01
1.158552404766441946e-01
1.181786054957650323e-01
1.205142355733418436e-01
1.223152923091174599e-01
1.230543474499109641e-01
1.228906510174045952e-01
1.226420744329955181e-01
1.225165794440975925e-01
1.218604592042450002e-01
1.211741470745088534e-01
1.215960560768364895e-01
1.231397141148736496e-01
1.246541836396682229e-01
1.251345422653814821e-01
1.249619373649297899e-01
1.246009004386232910e-01
1.243560384525341095e-01
1.246026450836858895e-01
1.254089149310107509e-01
1.263225351255959916e-01
1.267119576269454262e-01
1.260600951409435178e-01
1.239581635368950802e-01
1.216075242224106540e-01
1.207690430642900659e-01
1.208167095507883121e-01
1.199772523935378199e-01
1.186232818231110625e-01
1.178515101639583812e-01
1.171757922219705539e-01
1.160533281192837607e-01
1.150780723889437418e-01
1.146387592284884294e-01
1.142554697785161805e-01
1.128709633090433789e-01
1.105801313360673388e-01
1.095912139338790503e-01
1.105612707752027107e-01
1.114313291390717914e-01
1.109134970111939761e-01
1.089755070034977014e-01
1.064033908477357432e-01
1.043593531858455770e-01
1.033829216205078005e-01
1.028450900534634421e-01
1.019167968370872923e-01
1.012134846823217194e-01
1.014058194991781237e-01
1.022546055756661798e-01
1.033927040354009896e-01
1.040760441917472912e-01
1.041411589043242658e-01
1.042892896548907739e-01
1.053669489032533491e-01
1.071613851824498448e-01
1.080786165829376311e-01
1.078594054804562496e-01
1.077465621778392474e-01
1.084688369001757524e-01
1.104408790214737035e-01
1.128071196427503781e-01
1.139769709715154206e-01
1.144124662799628489e-01
1.148041781363055430e-01
1.145288801973221721e-01
1.139045279100999175e-01
1.139777977609091469e-01
1.147744275804544606e-01
1.157009647477908187e-01
1.165532146075015374e-01
1.173317933973078153e-01
1.175583753960942474e-01
1.173855981892341221e-01
1.159521422261235168e-01
1.069541093021944000e-01
8.045745271351269212e-02
