1.055947810688487492e-161
3.501220045628472042e-152
5.839436866992063728e-143
4.899125579881577647e-134
2.067695151358265439e-125
4.390382715600581272e-117
4.690267777182938292e-109
2.521205489644827940e-101
6.819859757358226775e-94
9.284247497014224357e-87
6.361753892199960052e-80
2.194468954696863198e-73
3.811345390800404615e-67
3.333570238990315424e-61
1.468669609420296782e-55
3.260167731674236706e-50
3.647505550215201410e-45
2.057574991850391447e-40
5.854800376118865794e-36
8.408020633047900607e-32
6.097793722826144706e-28
2.234990836690783656e-24
4.143830242600568963e-21
3.890928218056525475e-18
1.853067319367164781e-15
4.485923290231635951e-13
5.538425020445986516e-11
3.507387396940700444e-09
1.151642201612630182e-07
2.002937438208102427e-06
1.924569760490595977e-05
1.100479680204482222e-04
4.142701180391589080e-04
1.133250126415870753e-03
2.498834090966852665e-03
5.055631184639510813e-03
9.911602765524647404e-03
1.800614703605574185e-02
2.951423794524978342e-02
4.402881194076285754e-02
6.038128876270545259e-02
7.698821847916001437e-02
9.323246989882633118e-02
1.086561951047150670e-01
1.217171227473625439e-01
1.318676556838910552e-01
1.396780073319521254e-01
1.452098530696870060e-01
1.497889855919742608e-01
1.554976283799761050e-01
1.621678730583137329e-01
1.678777806555244168e-01
1.718961525213225650e-01
1.744258020130174947e-01
1.747846130109338703e-01
1.721658147021293828e-01
1.679639943006134839e-01
1.643964581965143834e-01
1.620242225449909368e-01
1.610807354103557520e-01
1.613711079914972590e-01
1.620312679590757698e-01
1.631118198756471849e-01
1.646715607760560196e-01
1.669641818071389561e-01
1.696823658218032660e-01
1.706830076911580729e-01
1.705280535555570853e-01
1.716736407053811031e-01
1.728531163458252862e-01
1.712059141106875848e-01
1.666276935395016034e-01
1.610159620756407839e-01
1.555713296380254740e-01
1.493347537865981345e-01
1.422636123143147524e-01
1.364521737934673573e-01
1.320557821623617178e-01
1.273932622369608747e-01
1.216510689837320275e-01
1.150770865776701707e-01
1.085560609045349567e-01
1.032654012343603850e-01
9.907580700096867143e-02
9.534075890383009177e-02
9.241252027259957980e-02
9.049354200392223380e-02
8.865626645922851379e-02
8.631639230060698942e-02
8.431010358758973811e-02
8.359858495444255633e-02
8.425952445567036486e-02
8.588565390007621425e-02
8.781563003449392724e-02
8.893068113127831908e-02
8.875883636860257275e-02
8.854608878862933741e-02
8.900881795741669156e-02
8.886705849104804822e-02
8.774237410361726552e-02
8.642823679037515971e-02
8.513142282403241001e-02
8.428229524718053312e-02
8.432932048496234734e-02
8.437162086012627016e-02
8.438696211655691282e-02
8.531263056128805811e-02
8.653830827900305112e-02
8.747558176255861018e-02
8.874871023957565941e-02
9.068194340360283268e-02
9.312769823531302782e-02
9.525305729308108926e-02
9.694447402714680140e-02
9.909156909276457814e-02
1.019110926330584477e-01
1.047372048875405415e-01
1.065627216308249609e-01
1.075608553550859020e-01
1.095032122364286570e-01
1.126313297568924260e-01
1.155975928965364968e-01
1.174849566017028835e-01
1.180524107940746775e-01
1.189121611762522790e-01
1.216453548878273505e-01
1.242537342792456451e-01
1.251379884261253905e-01
1.261186106609933633e-01
1.281994194017853084e-01
1.296601592529113556e-01
1.291269563852117941e-01
1.279219874940250024e-01
1.280046998963542682e-01
1.286975022198880714e-01
1.287975610582348385e-01
1.292012638411553227e-01
1.303099652664664321e-01
1.312654976059788037e-01
1.315365806179729646e-01
1.311954732076382468e-01
1.302953260807567792e-01
1.287945916960144821e-01
1.267891162011077488e-01
1.245155827248094621e-01
1.225233458977678519e-01
1.217130831838268978e-01
1.218748566969283242e-01
1.202375043033316188e-01
1.156188179294529023e-01
1.114267946506051071e-01
1.101432927207577073e-01
1.099068268136090959e-01
1.088074742822463942e-01
1.079463632438607129e-01
1.080830861962346900e-01
1.085262883804602452e-01
1.089910644288546449e-01
1.088770680991484885e-01
1.068943144647637039e-01
1.038184786705573653e-01
1.019994660132516745e-01
1.019516769043371240e-01
1.024347328172800636e-01
1.026131780381666081e-01
1.033658906944287803e-01
1.048932168421055078e-01
1.055439652110058690e-01
1.049580240465378955e-01
1.043990549051665023e-01
1.040667249279952356e-01
1.035815765323893217e-01
1.036605478305552552e-01
1.044215141761569987e-01
1.053639503050023130e-01
1.065416443214860925e-01
1.073522352608260455e-01
1.074519428803551724e-01
1.076939268947883360e-01
1.085168208490776415e-01
1.093588131057726259e-01
1.096342740638875934e-01
1.094860195157427996e-01
1.097471911020014568e-01
1.111395266713102042e-01
1.130796148641517035e-01
1.147681139240788739e-01
1.166183622739849213e-01
1.183608100993125550e-01
1.187864253772218243e-01
1.177285201154354977e-01
1.163671031676648399e-01
1.161431447561624142e-01
1.171757074121445030e-01
1.179100605539274010e-01
1.172639813229678363e-01
1.147196917482551509e-01
1.051540923460424909e-01
7.906842116267291665e-02
