7.166521639219355761e-164
2.763946382871600831e-154
5.361272220240779729e-145
5.230515326053527322e-136
2.566755385192321232e-127
6.336029129433382983e-119
7.868225760129139641e-111
4.915905120884568840e-103
1.545410899135814233e-95
2.444853003629255687e-88
1.946674152331750762e-81
7.802597368315517538e-75
1.574621101071703495e-68
1.600305829426164503e-62
8.192845872251938812e-57
2.113511230597124427e-51
2.748317596800309087e-46
1.802196951121711955e-41
5.962421596841747083e-37
9.958197663597932277e-33
8.401996550058796883e-29
3.584330058257839762e-25
7.740049883544296131e-22
8.472962696080021674e-19
4.711648895792193797e-16
1.334855347060556563e-13
1.935192197609066200e-11
1.445397252903499639e-09
5.622472352312064284e-08
1.159506635732811726e-06
1.306132273841625221e-05
8.452579775965176278e-05
3.419091295678332917e-04
9.865270594818606898e-04
2.391462039133868903e-03
5.408975406000570731e-03
1.131290149512336439e-02
2.127249170484724755e-02
3.618027743411807856e-02
5.612894077860089426e-02
7.985362500894838123e-02
1.050415093466511157e-01
1.293635162854923359e-01
1.504663777659019097e-01
1.651632312701127869e-01
1.717624196525149582e-01
1.708232265538903727e-01
1.630769786189703863e-01
1.506158663779296192e-01
1.371871618726591691e-01
1.245568826969587484e-01
1.131089043775824754e-01
1.038541812204946402e-01
9.673197944292877271e-02
9.140766568757704991e-02
8.869364758229192347e-02
8.987911373002328841e-02
9.459074044818344129e-02
1.014393517000610062e-01
1.095919652823080515e-01
1.177906037913421106e-01
1.265179524627810248e-01
1.379002722461235564e-01
1.509187988457097729e-01
1.621256394903431153e-01
1.704821376990618420e-01
1.769874685872679376e-01
1.818538910637840234e-01
1.854795684537865752e-01
1.881009008964692197e-01
1.890408453979675329e-01
1.877151700856833916e-01
1.846551926294959789e-01
1.806885783933185607e-01
1.757307149243348965e-01
1.701242145436930309e-01
1.652479312774218778e-01
1.611834440315683403e-01
1.558618932268226176e-01
1.482553080586624661e-01
1.402685276862933317e-01
1.341637285689382397e-01
1.293517270348078230e-01
1.235713581817303036e-01
1.164315204527861108e-01
1.093348544719453252e-01
1.037753283737011811e-01
1.002719508339995486e-01
9.758848748032673825e-02
9.427779842670000465e-02
9.032263909525967138e-02
8.682854578272920787e-02
8.471015884325912293e-02
8.313806297696864356e-02
8.139545173060733219e-02
8.013174115942565956e-02
7.921517001474701059e-02
7.788185992321211559e-02
7.699598091706978675e-02
7.795788548118458283e-02
8.002530549643249724e-02
8.125989061326539808e-02
8.127662156078221956e-02
8.092917089642814865e-02
8.053516623300911725e-02
8.059499776857752262e-02
8.172779413437955554e-02
8.345581031588458765e-02
8.496710753199840371e-02
8.670372720593955140e-02
8.952994119796080230e-02
9.323234650408744606e-02
9.664558577261138372e-02
9.890304032615128416e-02
9.979882290210759233e-02
9.990040043118621205e-02
1.011280840387555058e-01
1.039545673223899874e-01
1.073120811490938381e-01
1.107453578898263680e-01
1.138817369137080232e-01
1.162783766316366485e-01
1.176115720859415570e-01
1.180561673888177454e-01
1.183383606063116850e-01
1.189291366248275000e-01
1.194631877448112389e-01
1.198434421557452445e-01
1.206247722929750937e-01
1.214838009698885335e-01
1.219807952304804016e-01
1.226204658308819445e-01
1.244336196486660051e-01
1.275671920002707238e-01
1.304450129291779836e-01
1.311680114087095672e-01
1.292314760112232008e-01
1.266123970757822570e-01
1.256588371615021404e-01
1.257542014034068734e-01
1.258813547809878308e-01
1.266002817491432286e-01
1.280119015099075441e-01
1.287481680644657622e-01
1.282900742965051577e-01
1.280485360191506994e-01
1.285718929217630480e-01
1.287753286050570545e-01
1.280050826811448828e-01
1.266360827578558723e-01
1.243947981109665424e-01
1.211952378940468200e-01
1.186940126942927359e-01
1.173723441144364499e-01
1.159288374726864107e-01
1.140210393159371144e-01
1.123454612773965994e-01
1.108635079467142764e-01
1.092700404315704588e-01
1.083429175924498500e-01
1.085794626421368314e-01
1.092467212669846616e-01
1.092603499868304712e-01
1.082763572393111856e-01
1.072342036817356264e-01
1.063588675101105191e-01
1.054212353416768139e-01
1.052694863719962209e-01
1.055649562238467620e-01
1.053473897461492947e-01
1.053426014379673925e-01
1.061569162277116590e-01
1.069393835734080700e-01
1.071565080355071226e-01
1.068325560182459694e-01
1.061698481001200345e-01
1.064424638271334322e-01
1.078510447423652874e-01
1.090171630291011662e-01
1.089892197627681247e-01
1.080943002737296960e-01
1.075683523022546162e-01
1.080523980582323990e-01
1.098615422901265126e-01
1.122267220105872404e-01
1.142382002277938513e-01
1.162793131752189180e-01
1.182038930657016984e-01
1.192317445438070278e-01
1.195952569407778138e-01
1.205382555732207039e-01
1.219341999549186928e-01
1.225248112732199718e-01
1.223438586127743172e-01
1.220634624694229425e-01
1.213778957897342775e-01
1.187208213698683623e-01
1.083389609318862468e-01
8.092735689274484223e-02
