4.766745676384543809e-152
7.834741550112436291e-143
6.475171104359624399e-134
2.690967042284122686e-125
5.623469376776150732e-117
5.909481273326294708e-109
3.122886078338867823e-101
8.299279158784264496e-94
1.109229635495692170e-86
7.456300394901954725e-80
2.521016961034470107e-73
4.287607889969242260e-67
3.668480165807056509e-61
1.579225872202905168e-55
3.421029667156454512e-50
3.729979566485316570e-45
2.047356521225596796e-40
5.658997304612439084e-36
7.879358785781496859e-32
5.528695608781436478e-28
1.955880924578067988e-24
3.490548233665397851e-21
3.144554803676932066e-18
1.431081054890642167e-15
3.292934523890970086e-13
3.834969371820244830e-11
2.263628440013703951e-09
6.788826077235072296e-08
1.041003085035924082e-06
8.324309500771593035e-06
3.708099893760227793e-05
1.109882425239591691e-04
2.975847490677493859e-04
7.746696563106626830e-04
1.825091874052101569e-03
3.948773261485041125e-03
7.883789662787686267e-03
1.402797077475175479e-02
2.212912821917204301e-02
3.201537036389891233e-02
4.401779885413314303e-02
5.826743116789019628e-02
7.356962392691894503e-02
8.785671627205883516e-02
1.005591154833646722e-01
1.126045531848257342e-01
1.244111618006948639e-01
1.362392840426748519e-01
1.486963993162478959e-01
1.616117786186339056e-01
1.739695531900326830e-01
1.841445137846659807e-01
1.915849867659667471e-01
1.967911638317446921e-01
1.986306174320218443e-01
1.958000830706871642e-01
1.890930993101943292e-01
1.810712381705403273e-01
1.748336622245264260e-01
1.707256371555548047e-01
1.669908129417664033e-01
1.628647352465875942e-01
1.593406375554333454e-01
1.583361733947914740e-01
1.591854556314905578e-01
1.588490177474784215e-01
1.570281062616482315e-01
1.562343351697683125e-01
1.572224065906767942e-01
1.585979866948289962e-01
1.594141074444123396e-01
1.586805187729469768e-01
1.550783937546024449e-01
1.495216951977894615e-01
1.434601378405454819e-01
1.364834656344186270e-01
1.285443881448359027e-01
1.206186358834070160e-01
1.149858877561258513e-01
1.129091945868220259e-01
1.116666384809223284e-01
1.080590172079626265e-01
1.030858294610689924e-01
1.000916820657838935e-01
9.949872468106607526e-02
9.937130729438793664e-02
9.857706910625239904e-02
9.675715984762421618e-02
9.437986716570198609e-02
9.236520578971864348e-02
9.093106676437802405e-02
9.034606853354949785e-02
9.026624709008118641e-02
8.996371898198175787e-02
9.002373330303373167e-02
9.083156827590058158e-02
9.121290941499080041e-02
9.056705247758099764e-02
8.973555356287460372e-02
8.942619973142730549e-02
8.936670172011416946e-02
8.860293151780834764e-02
8.724312024937959376e-02
8.696732758077303782e-02
8.793736700572814258e-02
8.810080968129740953e-02
8.685196532346511900e-02
8.594713206476198297e-02
8.624046092117289286e-02
8.707825979582288489e-02
8.783874785572992616e-02
8.878411832171333173e-02
9.045731446239255180e-02
9.277588788923138430e-02
9.508755253629037896e-02
9.728422116745827353e-02
1.002634160871786057e-01
1.041178098251547973e-01
1.085766858875519963e-01
1.132649415861495257e-01
1.169502443158332294e-01
1.193405854874549088e-01
1.208395375550134349e-01
1.220272194958798434e-01
1.236118515162277637e-01
1.252839635668610563e-01
1.266830915696433302e-01
1.286897903987391789e-01
1.312353286629869831e-01
1.327457045037711558e-01
1.328603270738637210e-01
1.328630951116135106e-01
1.334541110428575095e-01
1.336631299067259915e-01
1.332882787815740377e-01
1.330793881685790880e-01
1.327531845726453996e-01
1.317482893901328334e-01
1.308655510403653188e-01
1.309958079414610677e-01
1.309584749011857840e-01
1.293745246098418067e-01
1.266408392704420904e-01
1.235104831819411469e-01
1.209473286050284230e-01
1.193204743133263745e-01
1.180118274182544863e-01
1.163897314710463232e-01
1.139967879382376148e-01
1.114389982841047372e-01
1.094973904099982159e-01
1.082467831024591237e-01
1.078330261204765994e-01
1.079750759043874436e-01
1.079689786322630962e-01
1.074423272865112217e-01
1.059891928173254810e-01
1.043530917661180946e-01
1.037203962176245636e-01
1.035883642428361839e-01
1.039438206571189766e-01
1.047779360453189590e-01
1.043405018523079347e-01
1.029173329109253909e-01
1.026881021714155101e-01
1.036469106815324365e-01
1.046413699974821782e-01
1.054904150893690995e-01
1.066998678968797964e-01
1.081491153385690102e-01
1.089916450222017386e-01
1.091451093671994832e-01
1.094568825230979869e-01
1.097448480787109465e-01
1.093710521320584439e-01
1.093633064350415796e-01
1.106527987986200973e-01
1.126445856010957758e-01
1.144045373849921499e-01
1.149304125792285636e-01
1.137444173974448830e-01
1.119271486757687645e-01
1.119089515658321793e-01
1.142379861025430710e-01
1.168329739547662866e-01
1.177582396249699653e-01
1.162803349475701048e-01
1.135114046326101550e-01
1.114774842191758736e-01
1.117466085782319596e-01
1.144849037434231553e-01
1.177380912820842618e-01
1.192334798103661109e-01
1.188743398881038221e-01
1.176517126893152215e-01
1.164261669436063018e-01
1.146008162645422712e-01
1.057147920339179814e-01
7.962653660122671895e-02
