1.253132246383459612e-234
4.842632707030894410e-223
9.410011784860725904e-212
9.194486726494953283e-201
4.517508357146724378e-190
1.116120236325536606e-179
1.386663303857797724e-169
8.663389570288621187e-160
2.721897149754118325e-150
4.300655605584830099e-141
3.417360967601124716e-132
1.365705058939674697e-123
2.745063954009371079e-115
2.775240732316366138e-107
1.411331125506537881e-99
3.610520377231925430e-92
4.646886822395872805e-85
3.009207979021826443e-78
9.806090159708118365e-72
1.608275530204055433e-65
1.327784761992451467e-59
5.519470861404689794e-54
1.155560173134146684e-48
1.218891562889178556e-43
6.480439276258602249e-39
1.737594716019314079e-34
2.351243985210600765e-30
1.607068972122908877e-26
5.554557156805217073e-23
9.722488841494157806e-20
8.634774496913791217e-17
3.901049780215337052e-14
8.996903645883702744e-12
1.064524073801577437e-09
6.510383407998105150e-08
2.082236519294303042e-06
3.550308264388143904e-05
3.332998879509864020e-04
1.818282533877177334e-03
6.281305564562572087e-03
1.552778868179303245e-02
3.147376632892742027e-02
5.699907557194321822e-02
9.213151757794658947e-02
1.293782330840454464e-01
1.597244867225681431e-01
1.806922406482774357e-01
1.945331413794381958e-01
2.032173965644599456e-01
2.048612282811742846e-01
2.017215902906974168e-01
2.044632848192828867e-01
2.233794772628106551e-01
2.673898717491691723e-01
3.511105345879880768e-01
5.012662754748828942e-01
7.366096538104123237e-01
1.049414801533005370e+00
1.411950833906045588e+00
1.786112019087020553e+00
2.150550886294661623e+00
2.481555814059285936e+00
2.718787860271993040e+00
2.817289146360613561e+00
2.782477456361803547e+00
2.639406129199224793e+00
2.424442046404835960e+00
2.178154876638498827e+00
1.935628984847743705e+00
1.719835791676646464e+00
1.526473158696333376e+00
1.353578493226148538e+00
1.223811039899740605e+00
1.143417632277001106e+00
1.082849658889400546e+00
1.027268734448985921e+00
9.875183705335532913e-01
9.624053565098820151e-01
9.469272835886778372e-01
9.472726244651847871e-01
9.521320945635033395e-01
9.486499512053711003e-01
9.464771063326119505e-01
9.501426526526425276e-01
9.531491763493029623e-01
9.531533112547534436e-01
9.461080223706264114e-01
9.271104440130814028e-01
8.990910001559404563e-01
8.627342673858927613e-01
8.225602697221777726e-01
7.886417626979321804e-01
7.661005903819743112e-01
7.499738172104363221e-01
7.301004485320924386e-01
7.007256273757880294e-01
6.653670563523745862e-01
6.303387146285277520e-01
5.974512478541728067e-01
5.754021751599052159e-01
5.643323040969329130e-01
5.522912979967695701e-01
5.414607453832298578e-01
5.436911529450566549e-01
5.520775856614102972e-01
5.516822248822642605e-01
5.493911163745304194e-01
5.604370367811910558e-01
5.843447924168739815e-01
6.130989697179829445e-01
6.440042471966411775e-01
6.786335397846464668e-01
7.223474277560800738e-01
7.688585174650243159e-01
8.027076811348390351e-01
8.231136489072351514e-01
8.449935403118100652e-01
8.757586690694455500e-01
9.003619597242130679e-01
9.120851572668587925e-01
9.282861832747246744e-01
9.480994935420032910e-01
9.562726754847548083e-01
9.692306243927978349e-01
1.003706623857631985e+00
1.041932837895227726e+00
1.063823957787793040e+00
1.071495899275064723e+00
1.075887507605552518e+00
1.089237113014680958e+00
1.121011291013076061e+00
1.169435476164206733e+00
1.214242871599443330e+00
1.227110923998397940e+00
1.209865064103741839e+00
1.199239139854556768e+00
1.206727713473954022e+00
1.209250323626310575e+00
1.191143580189797380e+00
1.163385674640149858e+00
1.140887047021798661e+00
1.110604417481064532e+00
1.069943585345386694e+00
1.041822203125724267e+00
1.035881111025181989e+00
1.034444845716008254e+00
1.022114264092757852e+00
1.005627209966373448e+00
9.966184409460600024e-01
9.965626519312389409e-01
9.904942754325587462e-01
9.710857695883996499e-01
9.522384690868122004e-01
9.393494121036225497e-01
9.218382076905680123e-01
8.998837965537226369e-01
8.800898977662280354e-01
8.675670872049779936e-01
8.635720973033446102e-01
8.610504300824635138e-01
8.570131978576349674e-01
8.507764519925764546e-01
8.384337596765272238e-01
8.250437844940127219e-01
8.195966656401177941e-01
8.220050522433706153e-01
8.238390101685385547e-01
8.148117239399454981e-01
7.981557913254031522e-01
7.829961207793486588e-01
7.797420217457806668e-01
7.983218406650888221e-01
8.371919206294399229e-01
8.804254007207571453e-01
9.025317913863920571e-01
9.003809019168702577e-01
8.974452674213423409e-01
8.982548068516515993e-01
8.907246234913497318e-01
8.809834210758491491e-01
8.857376693779700494e-01
9.013167888639169734e-01
9.183581566566739740e-01
9.353048786127262648e-01
9.445673942695296255e-01
9.529812318953526651e-01
9.705814642157420957e-01
9.926698093213767171e-01
1.015674047822334947e+00
1.036901209453356953e+00
1.051649933396883174e+00
1.051517541233349506e+00
1.033623295608658399e+00
1.014977495318907463e+00
1.011212117082319617e+00
1.015106900802499101e+00
1.005503884585026375e+00
9.250176436421554405e-01
6.912289645185126785e-01
