5.728783188321521190e-188
1.232650607475938724e-177
1.333563471061393275e-167
7.254098968472712287e-158
1.984035099225607641e-148
2.728420565107992582e-139
1.886554546458475465e-130
6.558786706605661266e-122
1.146499151974810262e-113
1.007674008722097797e-105
4.453100172336091487e-98
9.894661957560747024e-91
1.105440946919584952e-83
6.209637132704843226e-77
1.753852180973897636e-70
2.490668009490499486e-64
1.778421874561239561e-58
6.384837376612566628e-53
1.152553260667054433e-47
1.046088237767144585e-42
4.773884133756447812e-38
1.095397845804417088e-33
1.263772379541026016e-29
7.331014058389221828e-26
2.138259900015158038e-22
3.135924266764947083e-19
2.312583365167731240e-16
8.576316305756108239e-14
1.599881412837719035e-11
1.502253633167371446e-09
7.112274609739654610e-08
1.705596279275751127e-06
2.098572493879592989e-05
1.375004807551602991e-04
5.325100434678035032e-04
1.529000283962114000e-03
4.135462917678032861e-03
1.092750739199008399e-02
2.691589762435847577e-02
6.026527738759993036e-02
1.228246145648955179e-01
2.292492147818532555e-01
3.872602284630312086e-01
5.839254175952995896e-01
7.717703315131089203e-01
8.921047766810431545e-01
9.304684143056038970e-01
9.082450415485251449e-01
8.399700287915662367e-01
7.437980019712354673e-01
6.466200665607706455e-01
5.642917092999805151e-01
5.141175125037134030e-01
5.136448789747533050e-01
5.675597020225712219e-01
6.847522928815772403e-01
8.780719557889380411e-01
1.138700419766609295e+00
1.444859785623748394e+00
1.762347992394294405e+00
2.040793473853605100e+00
2.252771925632870431e+00
2.389341329229528466e+00
2.430990274020913500e+00
2.384543131852128184e+00
2.290683810608232562e+00
2.167673501176896611e+00
2.009309440266680902e+00
1.821696563213323072e+00
1.632537385297766930e+00
1.480911053240998587e+00
1.372141949727805121e+00
1.277472194836773767e+00
1.200181801998733588e+00
1.155148064533690677e+00
1.123370864806917613e+00
1.083576126899871817e+00
1.044804686984181830e+00
1.022309267732985028e+00
9.999425605553065033e-01
9.576184533070188909e-01
9.090010817965906709e-01
8.678889993876254261e-01
8.327581011937430500e-01
8.042264926945008607e-01
7.830533990051734561e-01
7.559192554910677542e-01
7.132226148800507870e-01
6.728855249722379694e-01
6.479987174836684405e-01
6.289686012492029521e-01
6.071981833142408025e-01
5.816864316484964270e-01
5.524665633429003408e-01
5.243195621874883194e-01
5.068617318761172719e-01
5.003357497527015640e-01
4.942979713786905260e-01
4.830631722474440504e-01
4.772637692242205909e-01
4.846598048801643022e-01
4.987185736309643902e-01
5.090284125062665144e-01
5.134075905651985794e-01
5.244059021757788708e-01
5.457624316377920337e-01
5.703933811026095091e-01
6.013563822111904766e-01
6.367768009666033846e-01
6.697708087511412556e-01
7.077534194384783595e-01
7.551782923255122570e-01
8.035997984340180755e-01
8.448604900470052526e-01
8.747701686314925951e-01
8.955451679504420337e-01
9.152882468020228091e-01
9.407208216103879472e-01
9.737737590780645158e-01
1.010090924641295240e+00
1.042516046806862384e+00
1.059759828387693226e+00
1.065434223884198062e+00
1.080880726756743737e+00
1.104079638735382840e+00
1.117592664913940492e+00
1.125932231401700845e+00
1.133397216625254833e+00
1.130570360424296705e+00
1.119020199723904430e+00
1.110240430900052200e+00
1.111186668872406358e+00
1.112511175259409457e+00
1.106375487078144815e+00
1.102106088877538914e+00
1.093840246946560901e+00
1.071438761447930821e+00
1.052934751410483205e+00
1.044513215848677623e+00
1.027485506416005112e+00
9.999270794203800605e-01
9.673718003964173473e-01
9.355331804672200047e-01
9.224236316514982104e-01
9.243472578983106258e-01
9.185535134780021815e-01
9.165271488480662976e-01
9.337808723173289804e-01
9.468143629976802922e-01
9.427023751010733532e-01
9.302355247415834416e-01
9.097758745773464328e-01
8.868390472635133692e-01
8.760773884607496731e-01
8.739419184787837747e-01
8.628057818558589886e-01
8.487461646915305247e-01
8.520740371968079652e-01
8.695196515993339759e-01
8.825362108906789071e-01
8.798502250993954776e-01
8.651884028407089700e-01
8.500920233984906593e-01
8.426296180434216243e-01
8.355753203662035222e-01
8.209637114495995647e-01
8.153261470167357805e-01
8.188336809624269241e-01
8.157367839165102774e-01
8.157570572118338914e-01
8.242736455227688275e-01
8.254411171226201382e-01
8.229652518488106416e-01
8.294086736092364243e-01
8.354337537941194380e-01
8.306121315075363221e-01
8.210778515133120292e-01
8.137993742451455903e-01
8.181857557562380867e-01
8.310364537471773838e-01
8.343893832298338031e-01
8.369472318816179035e-01
8.535151406860966850e-01
8.747646191942619609e-01
8.907933081933977482e-01
9.019805275042136472e-01
9.100192548064440778e-01
9.169448882341145746e-01
9.276100639281050775e-01
9.383909471051753437e-01
9.464765600636749765e-01
9.576364461294062380e-01
9.728768091167200316e-01
9.931493246879691261e-01
1.006134081105124700e+00
9.974142515937735043e-01
9.753500141446076466e-01
9.012401137885724944e-01
6.785131236958411582e-01
