4.521469004543275894e-204
2.737425671771488347e-193
8.333445981386153061e-183
1.275648376552366597e-172
9.818990552504322496e-163
3.800482158332019669e-153
7.396977344715085586e-144
7.239737883432703256e-135
3.563324381486782057e-126
8.819925956352474794e-118
1.097911098328220210e-109
6.873542341380974366e-102
2.164348964629144088e-94
3.427941035319081754e-87
2.731050818224457512e-80
1.094594544236312140e-73
2.207227844262679442e-67
2.239559100918163371e-61
1.143561339648017806e-55
2.939060538457157435e-50
3.802702922607634724e-45
2.477466698627355672e-40
8.129580773138556617e-36
1.344023026030650678e-31
1.119907342392358886e-27
4.705297718584596296e-24
9.973906671807122403e-21
1.067438285903328933e-17
5.774186148609589228e-15
1.581427022105223645e-12
2.199215775885685266e-10
1.560881084674644497e-08
5.706983002682085051e-07
1.093320271751607282e-05
1.131008494852773122e-04
6.651335963441559578e-04
2.421439271775442052e-03
6.244207592328469142e-03
1.367420536900481286e-02
2.976910917944750393e-02
6.494965849761893950e-02
1.274656043923941828e-01
2.158472360715074922e-01
3.245417712852450842e-01
4.373432732737062567e-01
5.260348710073878831e-01
5.741345616297981458e-01
5.854760648411883039e-01
5.648182611224003002e-01
5.108021160394816684e-01
4.424423345964991205e-01
3.940390298744759767e-01
3.817328260786398975e-01
4.089707124328307297e-01
4.836860414397856633e-01
6.224382570833966177e-01
8.462338530727095964e-01
1.158647080461582490e+00
1.520659038349883030e+00
1.881924717778389988e+00
2.214800735760408479e+00
2.479477213213710840e+00
2.628022387389181702e+00
2.663061437223227301e+00
2.611352420962713694e+00
2.478792307280706098e+00
2.280758263559558685e+00
2.053926416155473333e+00
1.832868654557470389e+00
1.645983716021482746e+00
1.498599660011580514e+00
1.375382736288509822e+00
1.263269463206370569e+00
1.169139058071740234e+00
1.111147635047538218e+00
1.085627361738032093e+00
1.065996106486196915e+00
1.029612058577329847e+00
9.855537514577387137e-01
9.563227997379983858e-01
9.385299353680639500e-01
9.254505399720520664e-01
9.228646332397881791e-01
9.227929218916937071e-01
9.069083104465135436e-01
8.761373839053128165e-01
8.420116882138507508e-01
8.042453565759005718e-01
7.672859900152515511e-01
7.388200257940427118e-01
7.121498514610584696e-01
6.748886173364887497e-01
6.307102932889676605e-01
5.991853635067948547e-01
5.855197254035524601e-01
5.744178169361463526e-01
5.608812258977450282e-01
5.464069362552121945e-01
5.297673735883660084e-01
5.135533692666447436e-01
4.984218711023561954e-01
4.901092912301346360e-01
4.955344598429251013e-01
5.129097112905875999e-01
5.367487494575428064e-01
5.607742905074307727e-01
5.789422524164051786e-01
5.913570477919027901e-01
6.093530770799088225e-01
6.402140710217730790e-01
6.734041228080009933e-01
7.017543725581051328e-01
7.344184395726760517e-01
7.789679210743964966e-01
8.282129849437533942e-01
8.704027299001011464e-01
9.052426304751730601e-01
9.305229107078863970e-01
9.440891071499407650e-01
9.565516976832735274e-01
9.803614227580038643e-01
1.011997075227321297e+00
1.037396625825164564e+00
1.055926811411508792e+00
1.071298325953697672e+00
1.082864829734456968e+00
1.094242414754149184e+00
1.112198146451559566e+00
1.130083665422520811e+00
1.135850477493631550e+00
1.132693755969967464e+00
1.129278775818711500e+00
1.123105069418697921e+00
1.112854892611838009e+00
1.110506068034763150e+00
1.113140695960740612e+00
1.102384745368717223e+00
1.081866212048060438e+00
1.059307677564368166e+00
1.036598093708226864e+00
1.025151524825415494e+00
1.022358509221968470e+00
1.015446718558746797e+00
1.004943865840475459e+00
9.893001430732457635e-01
9.621342342930692126e-01
9.403437301661460301e-01
9.365254412849490784e-01
9.363150363100518625e-01
9.325595054263432493e-01
9.263313840672866561e-01
9.143431048913479575e-01
8.975431271307915404e-01
8.854876337829555855e-01
8.766545349702871137e-01
8.654264814393465288e-01
8.616208252955718239e-01
8.724726660933982414e-01
8.865514160290560719e-01
8.919890742558315155e-01
8.878715385792270709e-01
8.801823710711532689e-01
8.735554492893590206e-01
8.671696626171377931e-01
8.616560461320699194e-01
8.463662807964682511e-01
8.299317794815813665e-01
8.389290329349953224e-01
8.628926853092618865e-01
8.771499760428088655e-01
8.759491737700775271e-01
8.709808567489556452e-01
8.718099032940707094e-01
8.790886374369765166e-01
8.910873879570634370e-01
8.958731657949946525e-01
8.866637815737432593e-01
8.811363457337462179e-01
8.891036974426976824e-01
8.938144373939872489e-01
8.910350508953152060e-01
8.891518642540804374e-01
8.853619705124015082e-01
8.757968144563980095e-01
8.701796026285991692e-01
8.789753920576273138e-01
8.969445725613229836e-01
9.134774621271375405e-01
9.286874847373834951e-01
9.408859729865260979e-01
9.464929332341307511e-01
9.487917504290667159e-01
9.485908358639789650e-01
9.496884496432927980e-01
9.612828872358503141e-01
9.755641956870997333e-01
9.584691029865723966e-01
8.576325864264154886e-01
6.239094462653435036e-01
