7.353088899707695158e-189
1.676866001406832281e-178
1.922750757551889533e-168
1.108520455887544112e-158
3.213368419255239719e-149
4.683531219526244233e-140
3.432277605762128809e-131
1.264699896033267260e-122
2.343088259228842756e-114
2.182659056402176130e-106
1.022302080331938393e-98
2.407513195979147025e-91
2.850717598624537535e-84
1.697210876551648620e-77
5.080582460964310892e-71
7.646933119851062823e-65
5.787049111413744244e-59
2.202029501062645286e-53
4.212939155151442396e-48
4.052689486561160209e-43
1.960187257144718668e-38
4.767029974396797149e-34
5.829003207591886292e-30
3.583742531353282434e-26
1.107835862837544696e-22
1.721909097455837904e-19
1.345678995934502714e-16
5.287742004792344678e-14
1.044722391479869112e-11
1.037889463577349038e-09
5.185548639506697242e-08
1.303915636066784198e-06
1.655537062810622862e-05
1.077804160750815352e-04
3.870323230619262134e-04
1.015429532602373213e-03
3.050804804590670841e-03
1.007675568476719234e-02
3.004117359787550345e-02
7.795607564110752785e-02
1.732896192940796276e-01
3.312547880807731326e-01
5.506835188336713927e-01
8.057037281186703037e-01
1.048350703945485796e+00
1.212797393319784423e+00
1.254813618810856068e+00
1.193658252555951593e+00
1.073319648231766843e+00
9.231417901482303900e-01
7.720532056807699606e-01
6.436099081989885562e-01
5.556870739858613684e-01
5.238068293071742598e-01
5.549045313216426356e-01
6.492250660856229150e-01
7.981044965160680738e-01
9.852390031147546523e-01
1.201104904987673416e+00
1.446161066060006606e+00
1.690693077462744220e+00
1.887628250638722083e+00
2.032950513846395246e+00
2.133896984697476018e+00
2.176154933781781153e+00
2.146556094903467216e+00
2.056416659807427383e+00
1.936201965843964201e+00
1.808339161274870044e+00
1.693726591025836337e+00
1.598478676700282319e+00
1.508285083438287044e+00
1.413862870282164286e+00
1.324273381519774695e+00
1.248464555455292446e+00
1.181030636469365458e+00
1.126858603812897153e+00
1.085885536388124351e+00
1.046717350521671364e+00
9.990650325087525596e-01
9.410827750784958035e-01
8.947016264096339100e-01
8.613342356218361973e-01
8.206254476781632556e-01
7.800109362122942258e-01
7.446168256956717801e-01
7.023216870918267407e-01
6.614067001684580394e-01
6.322370070751096582e-01
6.066035457308486256e-01
5.799394599398801642e-01
5.539273199399589176e-01
5.280682701125564149e-01
5.077145900246735621e-01
5.002359473982546101e-01
4.993359026401977818e-01
4.954941591919406751e-01
4.841319516037584925e-01
4.729744548400343085e-01
4.748278696585967462e-01
4.845359308928169351e-01
4.932246531535314782e-01
4.960465687342580643e-01
4.968869746680065758e-01
5.112312988695794091e-01
5.372620455694895325e-01
5.656271084401132132e-01
6.015876893221848709e-01
6.389623851131189802e-01
6.731661888588280629e-01
7.141455241140283183e-01
7.578973508892822286e-01
8.012572743207859727e-01
8.548713475948048757e-01
9.135510287944736962e-01
9.545942710716553981e-01
9.833651701831673808e-01
1.023835417020871663e+00
1.073951485816968310e+00
1.107120548341154809e+00
1.120578026783401127e+00
1.133405947903955768e+00
1.146139760349768943e+00
1.154221736426423561e+00
1.155951707471823298e+00
1.143573761397040700e+00
1.121181299176118307e+00
1.103164726934475981e+00
1.095293194249615798e+00
1.091107620752382656e+00
1.082366562264732490e+00
1.072272364999249605e+00
1.075873774493577351e+00
1.088591657207431007e+00
1.081251460259215591e+00
1.049791357912095213e+00
1.022855528033370875e+00
1.012227960949292127e+00
9.996698605001759219e-01
9.764205816444467834e-01
9.553677457370566284e-01
9.382416676511311504e-01
9.205555991256531012e-01
9.127938568163880273e-01
9.150757715904110912e-01
9.160812102562643222e-01
9.147194369647571044e-01
9.118383753843379846e-01
9.096645508910288225e-01
9.081507398193399139e-01
9.023958593421802510e-01
8.900093453145694333e-01
8.728416729606343072e-01
8.574148224823281428e-01
8.515064829066877339e-01
8.516314606153045919e-01
8.464751109907695525e-01
8.437962547261684820e-01
8.534882680529070065e-01
8.580664292933180004e-01
8.467917671464504359e-01
8.325281219459884641e-01
8.224699738410682359e-01
8.182526736997741690e-01
8.161002540737480881e-01
8.108875375191867407e-01
8.094557429470625731e-01
8.137804427412520525e-01
8.193425995494901803e-01
8.261862461865848717e-01
8.374885845714534760e-01
8.463699967033058158e-01
8.437384142011865595e-01
8.382736193698792082e-01
8.370164084579562180e-01
8.390525298996136527e-01
8.444857427198345645e-01
8.542211034500830635e-01
8.651509927497125219e-01
8.677339234408946167e-01
8.667559013866354967e-01
8.724805266458425246e-01
8.840974235237323287e-01
8.917166006410566226e-01
8.874774383696500957e-01
8.831597979628823536e-01
8.994411553186676400e-01
9.276967558718590690e-01
9.422823545760607988e-01
9.473557052321772698e-01
9.632258692892894381e-01
9.839297155618059731e-01
9.925012251850652278e-01
9.935904356246798574e-01
9.919031593846022732e-01
9.831192838432234460e-01
9.511030198696382998e-01
8.515637900279123818e-01
6.262851983168785663e-01
