2.487578788680904276e-02
7.462736366042713176e-02
1.243789394340452104e-01
1.741305152076633167e-01
2.238820909812813675e-01
2.736336667548994739e-01
3.233852425285175247e-01
3.731368183021356311e-01
4.228883940757537374e-01
4.726399698493718438e-01
5.223915456229899501e-01
5.721431213966079454e-01
6.218946971702261628e-01
6.716462729438441581e-01
7.213978487174621534e-01
7.711494244910803708e-01
8.209010002646983661e-01
8.706525760383165835e-01
9.204041518119345788e-01
9.701557275855525742e-01
1.019907303359170792e+00
1.069658879132788787e+00
1.119410454906407004e+00
1.169162030680025000e+00
1.218913606453642995e+00
1.268665182227261212e+00
1.318416758000879430e+00
1.368168333774497203e+00
1.417919909548115420e+00
1.467671485321733638e+00
1.517423061095351633e+00
1.567174636868969628e+00
1.616926212642587846e+00
1.666677788416205841e+00
1.716429364189823836e+00
1.766180939963442054e+00
1.815932515737060271e+00
1.865684091510678044e+00
1.915435667284296262e+00
1.965187243057914479e+00
2.014938818831532252e+00
2.064690394605150914e+00
2.114441970378768687e+00
2.164193546152386460e+00
2.213945121926005122e+00
2.263696697699622895e+00
2.313448273473240668e+00
2.363199849246859330e+00
2.412951425020477103e+00
2.462703000794094876e+00
2.512454576567713538e+00
2.562206152341331311e+00
2.611957728114949528e+00
2.661709303888567746e+00
2.711460879662185519e+00
2.761212455435803736e+00
2.810964031209421954e+00
2.860715606983039727e+00
2.910467182756657945e+00
2.960218758530276162e+00
3.009970334303893935e+00
3.059721910077512597e+00
3.109473485851130370e+00
3.159225061624748143e+00
3.208976637398366805e+00
3.258728213171984578e+00
3.308479788945602351e+00
3.358231364719221013e+00
3.407982940492838786e+00
3.457734516266457003e+00
3.507486092040075221e+00
3.557237667813692994e+00
3.606989243587311211e+00
3.656740819360929429e+00
3.706492395134547202e+00
3.756243970908165419e+00
3.805995546681783637e+00
3.855747122455401410e+00
3.905498698229020071e+00
3.955250274002637845e+00
4.005001849776255618e+00
4.054753425549874279e+00
4.104505001323492053e+00
4.154256577097109826e+00
4.204008152870728487e+00
4.253759728644346261e+00
4.303511304417964922e+00
4.353262880191582695e+00
4.403014455965200469e+00
4.452766031738818242e+00
4.502517607512436904e+00
4.552269183286054677e+00
4.602020759059673338e+00
4.651772334833291112e+00
4.701523910606908885e+00
4.751275486380526658e+00
4.801027062154145320e+00
4.850778637927763093e+00
4.900530213701381754e+00
4.950281789474999528e+00
5.000033365248617301e+00
5.049784941022235962e+00
5.099536516795853736e+00
5.149288092569472397e+00
5.199039668343090170e+00
5.248791244116707944e+00
5.298542819890325717e+00
5.348294395663944378e+00
5.398045971437562152e+00
5.447797547211180813e+00
5.497549122984798586e+00
5.547300698758416360e+00
5.597052274532034133e+00
5.646803850305652794e+00
5.696555426079270568e+00
5.746307001852889229e+00
5.796058577626507002e+00
5.845810153400124776e+00
5.895561729173742549e+00
5.945313304947361210e+00
5.995064880720979872e+00
6.044816456494597645e+00
6.094568032268215418e+00
6.144319608041833192e+00
6.194071183815451853e+00
6.243822759589069626e+00
6.293574335362688288e+00
6.343325911136306061e+00
6.393077486909923834e+00
6.442829062683541608e+00
6.492580638457160269e+00
6.542332214230778042e+00
6.592083790004396704e+00
6.641835365778014477e+00
6.691586941551632250e+00
6.741338517325250024e+00
6.791090093098868685e+00
6.840841668872487347e+00
6.890593244646105120e+00
6.940344820419722893e+00
6.990096396193340667e+00
7.039847971966959328e+00
7.089599547740577101e+00
7.139351123514195763e+00
7.189102699287813536e+00
7.238854275061431309e+00
7.288605850835049083e+00
7.338357426608667744e+00
7.388109002382285517e+00
7.437860578155904179e+00
7.487612153929521952e+00
7.537363729703139725e+00
7.587115305476757499e+00
7.636866881250376160e+00
7.686618457023993933e+00
7.736370032797612595e+00
7.786121608571230368e+00
7.835873184344848141e+00
7.885624760118466803e+00
7.935376335892084576e+00
7.985127911665702349e+00
8.034879487439319234e+00
8.084631063212938784e+00
8.134382638986558334e+00
8.184134214760174331e+00
8.233885790533793880e+00
8.283637366307409877e+00
8.333388942081029427e+00
8.383140517854648976e+00
8.432892093628264973e+00
8.482643669401884523e+00
8.532395245175500520e+00
8.582146820949120070e+00
8.631898396722737843e+00
8.681649972496355616e+00
8.731401548269975166e+00
8.781153124043591163e+00
8.830904699817210712e+00
8.880656275590826709e+00
8.930407851364446259e+00
8.980159427138065809e+00
9.029911002911681805e+00
9.079662578685301355e+00
9.129414154458917352e+00
9.179165730232536902e+00
9.228917306006156451e+00
9.278668881779772448e+00
9.328420457553391998e+00
9.378172033327007995e+00
9.427923609100627544e+00
9.477675184874245318e+00
9.527426760647863091e+00
9.577178336421482641e+00
9.626929912195098638e+00
9.676681487968718187e+00
9.726433063742334184e+00
9.776184639515953734e+00
9.825936215289573283e+00
9.875687791063189280e+00
