    #         X           Y           Z       CHARGE      MIN DIST   ATOMIC VOL
 --------------------------------------------------------------------------------
    1    7.059457    1.082412    9.890814   11.072754     1.158774    16.766628
    2    9.639939    0.957465    9.897382   11.025553     1.137637    15.641852
    3    2.016870    0.994059   10.053009   11.052867     1.101357    15.752963
    4    4.537322    1.083633    9.983226   10.847465     1.051604    12.633535
    5    8.352071    3.173338    9.879665   11.046191     1.161221    15.782375
    6    0.800228    3.261710   10.030502   11.066871     1.126553    15.753260
    7    3.185113    3.293377    9.904342   10.986916     1.173355    16.752962
    8    5.882696    3.322287    9.987293   11.003917     1.139503    15.265292
    9    9.529592    5.380632    9.903981   11.035316     1.184917    17.050199
   10    1.896616    5.424902    9.884908   10.994534     1.144967    17.855012
   11    4.515013    5.494858   10.067894   11.047852     1.109290    15.892000
   12    7.090375    5.413573    9.771223   10.830510     0.995929    13.210778
   13    0.684425    7.531977    9.879665   11.023404     1.153797    17.022273
   14    3.192018    7.559570    9.947129   11.061175     1.154598    16.426462
   15    5.741025    7.651700   10.136202   11.072600     1.070560    16.200526
   16    8.367778    7.644938    9.887831   11.083112     1.154824    17.203200
   17    5.852194    1.696508   11.963594   10.972244     1.133793    11.547380
   18    8.407052    1.821526   12.012708   10.981103     1.113409    11.382199
   19    0.782249    1.782631   11.910202   10.983030     1.093085    11.191616
   20    3.314382    1.819603   11.987910   10.978276     1.135979    11.342389
   21    7.113586    3.995633   12.014486   10.983148     1.106426    11.265294
   22    9.587432    4.027520   11.997913   10.969962     1.149606    11.359026
   23    2.011770    4.100752   12.009213   10.980685     1.101957    11.250440
   24    4.522436    3.939842   11.919211   10.980522     1.132617    11.252668
   25    8.295325    6.190519   11.979413   10.975941     1.152282    11.397350
   26    0.687183    6.290807   11.990501   10.974976     1.153804    11.490042
   27    3.175875    6.134701   11.917493   10.972765     1.098619    11.126703
   28    5.828922    5.975636   11.980588   10.975329     1.101881    11.104272
   29    9.536234    8.522321   11.976189   10.988920     1.120329    11.359174
   30    1.998861    8.478632   11.992008   10.975277     1.094134    11.227713
   31    4.494499    8.219058   11.984806   10.971085     1.067095    11.320404
   32    7.053738    8.288663   11.901102   10.988062     1.060629    11.390814
   33    5.703962    0.365912   14.030589   11.025043     1.161554    11.695330
   34    8.239056    0.365912   14.030589   10.993570     1.166347    11.477267
   35    0.633774    0.365912   14.030589   10.966016     1.159171    11.338081
   36    3.168868    0.365912   14.030589   11.003504     1.146133    11.476673
   37    6.971509    2.561368   14.030589   11.000416     1.161554    11.488111
   38    9.506603    2.561368   14.030589   10.990669     1.125617    11.430921
   39    1.901321    2.561368   14.030589   10.995618     1.174393    11.552133
   40    4.436415    2.561368   14.030589   11.005638     1.146487    11.544260
   41    8.239056    4.756824   14.030589   10.971224     1.128471    11.251034
   42    0.633774    4.756824   14.030589   10.992242     1.146487    11.431367
   43    3.168868    4.756824   14.030589   10.997408     1.128471    11.467017
   44    5.703962    4.756824   14.030589   11.021823     1.120444    11.521087
   45    9.506603    6.952280   14.030589   10.967222     1.161556    11.376999
   46    1.901321    6.952280   14.030589   10.992872     1.148670    11.485437
   47    4.436415    6.952280   14.030589   11.023035     1.136930    11.661313
   48    6.971509    6.952280   14.030589   10.995146     1.181338    11.513809
   49    6.971509    1.097728   16.100507   10.997957     1.132999    11.425128
   50    9.506603    1.097728   16.100507   10.967740     1.176213    11.445330
   51    1.901321    1.097728   16.100507   11.022674     1.132999    11.564611
   52    4.436415    1.097728   16.100507   10.990299     1.122907    11.460778
   53    8.239056    3.293184   16.100507   11.002257     1.133627    11.526435
   54    0.633774    3.293184   16.100507   10.996598     1.169050    11.606649
   55    3.168868    3.293184   16.100507   10.996106     1.174418    11.518265
   56    5.703962    3.293184   16.100507   10.997358     1.099056    11.277178
   57    9.506603    5.488640   16.100507   10.978355     1.190145    11.732614
   58    1.901321    5.488640   16.100507   10.995636     1.168770    11.570998
   59    4.436415    5.488640   16.100507   11.020151     1.151563    11.521682
   60    6.971509    5.488640   16.100507   10.994717     1.151738    11.565205
   61    0.633774    7.684096   16.100507   10.994282     1.169050    11.640071
   62    3.168868    7.684096   16.100507   11.019671     1.154053    11.506679
   63    5.703962    7.684096   16.100507   10.994612     1.181315    11.539804
   64    8.239056    7.684096   16.100507   10.980800     1.181835    11.667849
   65    5.683904    1.647093   18.101094   10.985800     1.138261    11.368384
   66    8.195017    1.839564   18.192512   10.971706     1.124851    11.469097
   67    0.719561    1.698036   18.134901   10.989586     1.133243    11.536982
   68    3.200962    1.793749   18.207185   10.979118     1.185323    11.569216
   69    6.987673    4.006233   18.054300   10.981078     1.128717    11.449192
   70    9.628653    3.935162   18.235388   10.970281     1.140995    11.714343
   71    1.991205    3.979457   18.209506   10.981068     1.128608    11.741675
   72    4.583856    3.907657   18.087896   10.976354     1.109499    11.584516
   73    8.410824    6.156164   18.340907   10.990914     1.130071    12.090606
   74    0.820316    6.064657   18.272208   10.979754     1.098366    11.349222
   75    3.278161    6.249383   18.136498   10.989095     1.113323    11.337190
   76    5.730357    6.200196   18.132400   10.974419     1.161727    11.369127
   77    9.601284    8.392780   18.187510   10.963008     1.150444    11.597439
   78    1.976633    8.355633   18.151895   10.986014     1.151113    11.154183
   79    4.388806    8.322754   18.232797   10.977040     1.113608    11.194736
   80    7.002600    8.410291   18.173891   10.981658     1.124599    11.516631
   81    5.814370    0.298521   20.164202   11.087718     1.129696    17.156705
   82    8.265097    0.336774   20.274904   10.854734     1.022404    12.746577
   83    0.747579    0.197644   20.221813   11.023855     1.087035    15.472660
   84    3.211995    0.279359   20.246792   11.035179     1.144491    16.524650
   85    6.967068    2.475324   20.189603   11.052386     1.141437    16.362142
   86    9.542105    2.438853   20.159200   11.040933     1.157412    17.456319
   87    1.953554    2.476097   20.326097   11.074937     1.192589    16.865559
   88    4.449567    2.522184   20.422697   11.014955     1.142339    17.997911
   89    8.268991    4.569684   20.295694   10.936252     1.169502    15.948595
   90    0.799843    4.770770   20.361892   11.018680     1.118868    18.590900
   91    3.283647    4.630103   20.356800   11.028371     1.141636    14.653142
   92    5.758882    4.693929   20.120301   11.038317     1.134102    14.880711
   93    9.749851    6.975631   20.234890   10.985446     1.089382    15.412945
   94    1.996285    6.819692   20.173814   11.087275     1.100161    15.585999
   95    4.565695    6.776011   20.269601   11.037608     1.135815    17.638880
   96    7.027474    6.892107   20.201595   10.945389     1.134069    14.330504
   97    5.423834    3.211908    1.209614    7.252805     0.731244    26.649273
   98    5.480042    8.209574    1.844778    7.324257     0.707325    26.075001
   99    5.190626    5.565938   26.634289    7.296907     0.714998    32.530583
  100    4.133694    0.581076   23.605900    7.318524     0.738759    27.613325
  101    8.116490    7.471620   29.014708    7.304733     0.730946    25.023903
  102    2.330715    2.754112   23.706689    7.308129     0.727448    22.762466
  103    7.602829    0.959818    2.902140    7.318018     0.722329    23.789649
  104    6.536588    5.132010    7.681901    7.321079     0.707224    17.936711
  105    3.792815    1.960358    3.973301    7.328466     0.720792    22.213298
  106    6.679760    0.180229    6.516640    7.317536     0.695992    22.596097
  107    7.100860    5.992910    4.745020    7.297656     0.724047    21.700226
  108    4.218417    2.892768   28.695409    7.314755     0.678559    24.998056
  109    8.864829    6.761750    1.404683    7.321828     0.710534    24.875210
  110    2.111490    2.312333    6.449990    7.278877     0.736991    21.297226
  111    1.463855    5.882496   25.206194    7.312889     0.696803    24.922893
  112    0.371209    8.626474    6.359385    7.374449     0.705566    21.023459
  113    3.163777    5.152147    3.630801    7.265220     0.701787    26.336142
  114    8.509683    1.492410    0.250601    7.314545     0.722505    25.788163
  115    1.654524    1.186626   25.708812    7.351688     0.725066    25.271674
  116    2.695120    6.743396   27.522495    7.349395     0.709121    28.228447
  117    5.831873    4.624342   23.512403    7.316408     0.744438    22.882787
  118    7.727353    3.088796    4.882207    7.347179     0.723702    22.283708
  119    4.817379    8.025112    4.567336    7.355809     0.708581    21.549454
  120    9.714380    0.369917   26.948105    7.278792     0.726852    22.358574
  121    6.016651    8.474188   25.873207    7.298416     0.691658    25.251175
  122    7.889305    6.110182   22.484902    7.380975     0.737842    20.286383
  123    8.662032    6.827394   25.656805    7.279788     0.726330    22.968942
  124    1.778521    3.515022    1.910916    7.361427     0.735511    23.780588
  125    8.552343    0.051242   22.437897    7.411107     0.733279    20.584363
  126    6.062242    0.445599   29.407709    7.302443     0.729335    22.338818
  127    9.526570    2.489349    7.138004    7.272313     0.721492    22.181064
  128    2.246570    4.483938   29.193296    7.372520     0.741769    29.402985
  129    8.765778    4.579642   27.159505    7.281233     0.713736    24.238698
  130    2.899925    7.755650    6.406450    7.333481     0.755548    21.346394
  131    3.379960    5.302676   23.176592    7.312965     0.718405    21.190126
  132    3.195060    4.992458    6.222228    7.362915     0.789783    23.678092
  133    6.319453    5.636543    1.890095    7.339966     0.730740    27.299451
  134    7.350080    2.010888   26.892513    7.266282     0.725773    25.226517
  135    4.343560    1.132873    7.783895    7.310667     0.758190    16.856795
  136    9.894209    4.495793   29.702903    7.344774     0.730579    26.510979
  137    1.937471    0.814716    2.011042    7.272071     0.715582    27.554650
  138    9.157095    6.324828    6.293880    7.282099     0.730647    23.626696
  139    1.011878    0.622456   29.485688    7.388357     0.713455    27.840746
  140    9.390679    4.029786   24.233290    7.308542     0.696825    23.737659
  141    3.180276    0.651848   27.827391    7.350819     0.722197    22.132193
  142    1.037665    8.175676   23.565313    7.298641     0.728016    21.875509
  143    9.929579    4.262153    3.811798    7.361433     0.694439    27.844311
  144    0.003225    8.380591    3.479693    7.319757     0.713221    27.008156
  145    7.420900    2.385618   23.859092    7.360594     0.682100    23.659227
  146    5.388039    3.259242    6.424167    7.341527     0.696461    18.826788
  147    6.367538    2.883213    1.177585    0.393745     0.135566     4.069220
  148    5.188192    3.100994    0.282781    0.335782     0.108148     2.255198
  149    5.644306    7.216446    1.820914    0.332228     0.127842     1.964348
  150    4.941903    8.241039    2.618365    0.343110     0.090227     2.193998
  151    1.228466    6.727044   24.672512    0.366914     0.118729     2.116606
  152    4.440867    6.050686   26.981611    0.328920     0.100485     2.141562
  153    4.705723    0.593203   22.834212    0.360990     0.106134     3.337045
  154    4.657810    0.398300   24.445504    0.344445     0.119550     2.925578
  155    8.460086    7.738710   29.890590    0.356285     0.103418     2.168597
  156    7.180583    7.835038   28.920699    0.364823     0.120372     2.715536
  157    6.209784    4.337246    7.281036    0.300114     0.099295     1.189690
  158    1.755025    2.718054   22.912794    0.387597     0.112278     3.479945
  159    9.285188    6.177249    0.762137    0.334813     0.105911     2.580955
  160    6.845292    0.282195    2.736117    0.350987     0.111622     2.157901
  161    6.905009    6.122301    3.797426    0.350749     0.117164     2.349226
  162    5.878113    5.775867    7.434705    0.371669     0.097171     3.960485
  163    4.329333    2.550619    3.444259    0.321663     0.084749     3.207069
  164    7.516575    0.036875    6.090254    0.372303     0.106498     3.735292
  165    6.867864    0.284153    7.431119    0.347059     0.084219     2.453356
  166    2.222791    6.552602   26.747793    0.297573     0.070102     1.615864
  167    6.854733    5.090472    4.877265    0.343778     0.107700     2.450236
  168    4.149158    7.810818    5.283041    0.344659     0.103753     1.705436
  169    4.846502    3.364580   28.153892    0.352649     0.091363     3.985738
  170    3.878948    2.057924   28.240700    0.326853     0.107518     1.678698
  171    3.048664    2.099919   23.599512    0.318894     0.103002     1.863041
  172    9.495865    6.943261    2.102219    0.340512     0.104354     3.023023
  173    2.542010    1.948854    5.605565    0.371118     0.116477     2.851157
  174    2.400379    3.245543    6.439805    0.343242     0.112991     2.059417
  175    7.304661    1.682914    3.478518    0.340741     0.109750     2.599523
  176    2.150003    5.500592   24.652595    0.335520     0.070549     2.113932
  177    9.957526    7.788336    6.381833    0.331982     0.099004     1.551247
  178    2.590096    4.599524    3.080697    0.340388     0.118956     1.752970
  179    3.142584    6.062462    3.260760    0.376187     0.130493     6.247472
  180    7.713369    1.105834   29.975409    0.343415     0.108945     1.763220
  181    8.320940    1.234347    1.203678    0.357712     0.106098     2.199197
  182    0.742357    0.975810   26.016812    0.313984     0.090339     1.668448
  183    1.627581    2.010520   25.217885    0.327951     0.104588     2.483065
  184   10.050696    0.511647    6.821386    0.309752     0.069355     1.879530
  185    2.880709    7.710380   27.503000    0.366533     0.129163     2.042483
  186    5.968697    4.709218   24.457014    0.349190     0.114040     3.519160
  187    5.100285    5.270052   23.318087    0.338869     0.123086     2.381163
  188    4.302096    1.200142    4.309715    0.337031     0.094378     2.266784
  189    8.425376    3.580473    4.401103    0.302935     0.075120     1.623291
  190    8.150308    2.701737    5.675981    0.340282     0.106955     2.283718
  191    5.643363    7.895378    4.974649    0.308730     0.090387     1.966428
  192    9.549315    8.669136   27.828115    0.349500     0.108445     2.624182
  193    6.386065    0.044840   26.706212    0.362525     0.097954     2.584372
  194    7.935038    7.059524   22.563905    0.328998     0.109738     1.894978
  195    6.681332    7.934167   25.491506    0.332131     0.095547     2.837640
  196    8.872627    0.861866   26.803686    0.358201     0.131611     2.208406
  197    7.120674    5.608178   22.834091    0.287579     0.075277     1.445186
  198    9.383175    7.416268   26.058513    0.394076     0.121535     2.836451
  199    8.899256    6.014750   26.227700    0.361756     0.107362     1.870468
  200    1.861388    2.524353    2.052231    0.332962     0.111112     1.720142
  201    9.369120    0.031334   22.892787    0.273704     0.080282     1.931074
  202    5.539049    0.021375    0.008798    0.329571     0.091589     3.048869
  203    2.077672    3.698088    1.018583    0.318884     0.092128     2.341799
  204    5.445565    0.461134   28.681006    0.350234     0.112679     2.702613
  205    9.556109    2.685991    8.082343    0.442586     0.130548     2.064913
  206    0.340980    2.563107    6.909007    0.364234     0.125761     2.106654
  207    2.439501    5.399557   29.004404    0.308949     0.085149     3.244799
  208    7.896088    4.885452   27.431408    0.381433     0.093664     4.581400
  209    2.953233    3.921524   28.785802    0.315824     0.088788     1.790552
  210    9.147817    4.670973   28.051296    0.318126     0.098243     1.824568
  211    2.449226    0.804538   28.431099    0.315068     0.090910     1.736184
  212    1.951911    8.109777    6.552948    0.311879     0.123828     1.599227
  213    3.511177    7.845822    7.188835    0.361793     0.090290     2.974746
  214    3.098443    4.359578   23.289403    0.321556     0.096749     1.740492
  215    2.934534    5.057373    5.240195    0.343999     0.121603     1.890373
  216    7.178870    5.630607    1.456087    0.339212     0.114530     3.054960
  217    3.252242    5.987404    6.334346    0.338059     0.126718     1.898989
  218    3.126075    5.604314   22.283987    0.421397     0.118102     2.310011
  219    5.859100    4.778682    1.608098    0.325005     0.087518     1.884729
  220    7.652050    2.933112   26.976097    0.363981     0.121457     2.475043
  221    7.175240    1.996864   25.917892    0.375042     0.131074     2.712120
  222    8.103672    0.806154   22.825805    0.293761     0.075722     1.839720
  223    9.846539    3.645994    0.008467    0.352691     0.093181     3.385471
  224    2.763395    1.038047    2.548400    0.372179     0.110779     2.576945
  225    0.707464    4.517546   29.401803    0.307233     0.113651     1.438650
  226    4.883210    1.771048    7.152165    0.344382     0.106783     1.778817
  227    1.310512    0.529851    2.725692    0.356671     0.118005     2.310902
  228    8.389813    6.252624    5.701201    0.321804     0.109704     1.365567
  229    8.625151    6.603633    7.111549    0.413706     0.110599     3.363189
  230    5.885130    6.245660   26.543986    0.403432     0.132014     3.252821
  231    1.460569    0.703512    0.174309    0.328491     0.078858     2.069072
  232    9.130973    4.819307   23.679089    0.357301     0.120600     2.658644
  233    0.162915    0.656152   29.769614    0.290315     0.058307     1.661318
  234    9.969258    4.466682   24.834587    0.329169     0.090912     2.345067
  235    2.807039    1.002164   27.013188    0.304886     0.068583     1.835263
  236    3.401387    1.304048    7.537633    0.342401     0.109384     1.947414
  237    1.653013    7.845822   22.889412    0.368869     0.089195     3.142007
  238    1.571262    0.020734   24.136901    0.347546     0.113428     2.057931
  239    0.368197    4.217611    3.048698    0.292980     0.073903     1.924390
  240    0.200921    4.754418    4.492551    0.336824     0.091046     3.823082
  241    9.384422    0.127758    3.260339    0.327892     0.104810     2.103980
  242    0.141783    8.396776    4.461395    0.347601     0.130557     2.226677
  243    6.883278    2.832533   23.242097    0.346005     0.090624     2.391859
  244    8.199529    2.959896   24.060398    0.306629     0.106612     1.410873
  245    4.697540    3.819286    6.101312    0.315377     0.085228     1.797533
  246    6.133701    3.079461    5.770834    0.321907     0.110098     1.870914
 --------------------------------------------------------------------------------
    VACUUM CHARGE:               0.0000
    VACUUM VOLUME:               0.0000
    NUMBER OF ELECTRONS:      1456.0000
