    #         X           Y           Z        CHARGE     ATOM    DISTANCE
  -------------------------------------------------------------------------
    1      1.0035      0.6273     29.4855      7.3884     139      0.0097
    2      1.9541      0.8364      1.9908      7.2721     137      0.0340
    3      0.0000      8.3636      3.4974      7.3198     144      0.0247
    4      0.1584      8.4159      4.4659      0.3476     242      0.0258
    5      0.3697      8.6250      6.3491      7.3744     112      0.0105
    6      9.6650      0.9409      9.9002     11.0256       2      0.0302
    7      9.5594      8.5205     11.9986     10.9889      29      0.0323
    8      0.6338      0.3659     14.0433     10.9660      35      0.0127
    9      9.5066      1.0977     16.0879     10.9677      50      0.0126
   10      0.6338      7.6841     16.0879     10.9943      61      0.0126
   11      9.6122      8.4159     18.1863     10.9630      77      0.0256
   12      0.7394      0.2091     20.2309     11.0239      83      0.0167
   13      8.5559      0.0523     22.4369      7.4111     125      0.0039
   14      9.3482      0.0523     22.8674      0.2737     201      0.0390
   15      1.0563      8.1546     23.5668      7.2986     142      0.0282
   16      1.6372      1.2023     25.7191      7.3517     115      0.0255
   17      9.7179      0.3659     26.9566      7.2788     120      0.0100
   18      9.5594      8.6773     27.8175      0.3495     192      0.0168
   19      0.7922      0.9932     25.9881      0.3140     182      0.0601
   20      0.2113      0.6795     29.7545      0.2903     233      0.0558
   21      1.4260      0.6795      0.1614      0.3285     231      0.0440
   22      1.3204      0.5227      2.6903      0.3567     227      0.0374
   23     10.0876      0.4705      6.7795      0.3098     184      0.0694
   24      1.5316      0.0000     24.1049      0.3475     238      0.0550
   25      0.7394      1.6727     18.1325     10.9896      67      0.0322
   26      9.5066      2.5091      7.1561      7.2723     127      0.0334
   27      0.7922      1.7773     11.8910     10.9830      19      0.0223
   28      8.5031      1.5159      0.2690      7.3145     114      0.0306
   29      9.5594      2.4568     20.1771     11.0409      86      0.0307
   30      9.5066      2.5614     14.0433     10.9907      38      0.0127
   31      9.5594      2.6659      8.0708      0.4426     205      0.0234
   32      2.3238      2.7705     23.7283      7.3081     102      0.0279
   33      1.6372      1.9864     25.2348      0.3280     183      0.0310
   34      1.9541      2.4568     20.3385     11.0749      87      0.0229
   35      1.7429      2.7182     22.9212      0.3876     158      0.0148
   36      9.9291      4.2864      3.8202      7.3614     143      0.0256
   37      7.7109      3.0841      4.8963      7.3472     118      0.0222
   38      9.4010      4.0250     24.2125      7.3085     140      0.0237
   39      1.8485      2.5614      2.0446      0.3330     200      0.0399
   40      1.7957      3.5023      1.9370      7.3614     124      0.0337
   41      0.7922      3.2409     10.0078     11.0669       6      0.0318
   42      0.6338      3.2932     16.0879     10.9966      54      0.0126
   43      9.8235      3.6591      0.0000      0.3527     223      0.0278
   44      9.8763      4.4955     29.7007      7.3448     136      0.0180
   45      0.3697      4.2341      3.0669      0.2930     239      0.0246
   46      8.7672      4.6000     27.1718      7.2812     129      0.0238
   47      9.6122      3.9205     18.2401     10.9703      70      0.0225
   48      9.6122      4.0250     11.9986     10.9700      22      0.0249
   49      9.1369      4.6523     28.0327      0.3181     210      0.0285
   50      0.7922      4.7568     20.3385     11.0187      90      0.0283
   51      0.6338      4.7568     14.0433     10.9922      42      0.0127
   52      9.9291      4.4432     24.8044      0.3292     234      0.0555
   53      9.5066      5.3841      9.9002     11.0353       9      0.0235
   54      0.2113      4.7568      4.4659      0.3368     240      0.0287
   55      9.1369      6.3250      6.2953      7.2821     138      0.0202
   56      9.5066      5.4886     16.0879     10.9784      57      0.0126
   57      9.2953      6.1682      0.7533      0.3348     159      0.0162
   58      8.8728      6.7432      1.3989      7.3218     109      0.0210
   59      0.8450      6.0636     18.2939     10.9798      74      0.0329
   60      1.4788      5.9068     25.1810      7.3129     111      0.0381
   61      8.8728      6.0114     26.2033      0.3618     199      0.0361
   62      0.6866      6.2727     11.9986     10.9750      26      0.0198
   63      9.1369      4.8091     23.6745      0.3573     232      0.0127
   64      8.6616      6.8477     25.6653      7.2798     123      0.0220
   65      7.8694      6.1159     22.4907      7.3810     122      0.0216
   66      9.7707      6.9523     20.2309     10.9854      93      0.0315
   67      9.5066      6.9523     14.0433     10.9672      45      0.0127
   68      9.5066      6.9523      2.0984      0.3405     172      0.0145
   69      1.2147      6.6909     24.6968      0.3669     151      0.0456
   70      8.1334      7.4750     29.0012      7.3047     101      0.0219
   71      0.6866      7.5273      9.9002     11.0234      13      0.0212
   72      9.3482      7.4227     26.0419      0.3941     198      0.0393
   73      8.4503      7.7364     29.8621      0.3563     155      0.0302
   74      9.9819      7.7886      6.4029      0.3320     177      0.0322
   75      8.2391      0.3136     20.2847     10.8547      82      0.0362
   76      2.1126      2.3000      6.4567      7.2789     110      0.0141
   77      0.3169      2.5614      6.8871      0.3642     206      0.0326
   78      2.6935      6.7432     27.5485      7.3494     116      0.0260
   79      2.2182      6.5341     26.7414      0.2976     166      0.0201
   80      2.2710      4.4955     29.2164      7.3725     128      0.0356
   81      2.0069      6.7955     20.1771     11.0873      94      0.0267
   82      0.6866      4.4955     29.4317      0.3072     225      0.0426
   83      2.4295      5.3841     29.0012      0.3089     207      0.0187
   84      1.9013      5.4886     16.0879     10.9956      58      0.0126
   85      1.9013      1.0977     16.0879     11.0227      51      0.0126
   86      1.9013      2.5614     14.0433     10.9956      39      0.0127
   87      1.9013      5.4364      9.9002     10.9945      10      0.0197
   88      1.9013      6.9523     14.0433     10.9929      46      0.0127
   89      2.0069      0.9932     10.0616     11.0529       3      0.0132
   90      2.0069      3.9727     18.1863     10.9811      71      0.0288
   91      1.9541      8.3636     18.1325     10.9860      78      0.0308
   92      2.0069      8.4682     11.9986     10.9753      30      0.0148
   93      2.0069      4.0773     11.9986     10.9807      23      0.0262
   94      3.1689      5.0182      6.2414      7.3629     132      0.0414
   95      2.3767      3.2409      6.4567      0.3432     174      0.0295
   96      1.6372      7.8409     22.9212      0.3689     237      0.0358
   97      3.3801      5.2795     23.1902      7.3130     131      0.0268
   98      2.1126      5.5409     24.6968      0.3355     176      0.0705
   99      3.8026      1.9864      3.9816      7.3285     105      0.0290
  100      2.5351      1.9341      5.5958      0.3711     173      0.0190
  101      2.4823      0.7841     28.4093      0.3151     211      0.0445
  102      3.1161      5.5932     22.2755      0.4214     218      0.0172
  103      3.1689      0.6273     27.8175      7.3508     141      0.0288
  104      3.1161      4.3909     23.2978      0.3216     214      0.0369
  105      3.1689      5.1750      3.6050      7.2652     113      0.0349
  106      1.9541      8.1023      6.5643      0.3119     212      0.0138
  107      2.0598      3.7114      1.0223      0.3189     203      0.0226
  108      2.5879      4.6000      3.0669      0.3404     178      0.0140
  109      2.9576      5.0705      5.2729      0.3440     215      0.0421
  110      2.9048      7.7364      6.4029      7.3335     130      0.0202
  111      3.2745      4.6523     20.3385     11.0284      91      0.0302
  112      3.2745      5.9591      6.3491      0.3381     217      0.0389
  113      2.8520      7.6841     27.4947      0.3665     185      0.0398
  114      2.7992      0.9932     27.0104      0.3049     235      0.0123
  115      2.9576      3.9205     28.7860      0.3158     209      0.0045
  116      3.1689      6.0636      3.2821      0.3762     179      0.0339
  117      2.7464      1.0455      2.5289      0.3722     224      0.0270
  118      4.2252      2.8750     28.6784      7.3148     108      0.0255
  119      3.1689      7.5796      9.9540     11.0612      14      0.0314
  120      3.1689      3.2932      9.9002     10.9869       7      0.0168
  121      3.1689      6.1159     11.8910     10.9728      27      0.0332
  122      3.4329      1.3068      7.5328      0.3424     236      0.0320
  123      3.2217      1.7773     18.1863     10.9791      68      0.0337
  124      3.9083      2.0909     28.2479      0.3269     170      0.0447
  125      3.1689      0.3659     14.0433     11.0035      36      0.0127
  126      3.1689      3.2932     16.0879     10.9961      55      0.0126
  127      3.1689      4.7568     14.0433     10.9974      43      0.0127
  128      3.2745      6.2727     18.1325     10.9891      75      0.0240
  129      3.1689      7.6841     16.0879     11.0197      62      0.0126
  130      3.2217      0.2614     20.2309     11.0352      84      0.0259
  131      3.3273      1.8295     11.9986     10.9783      20      0.0195
  132      4.3308      1.1500      7.8018      7.3107     135      0.0279
  133      4.1195      0.5750     23.6207      7.3185     100      0.0213
  134      3.0104      2.1432     23.6207      0.3189     171      0.0615
  135      4.1723      7.7886      5.2729      0.3447     168      0.0336
  136      4.8061      8.0500      4.5735      7.3558     119      0.0280
  137      4.2780      1.2023      4.3044      0.3370     188      0.0248
  138      3.4858      7.8409      7.1561      0.3618     213      0.0417
  139      5.4927      8.2068      1.8294      7.3243      98      0.0201
  140      4.5420      1.0977     10.0078     10.8475       4      0.0288
  141      5.1758      5.5409     26.6338      7.2969      99      0.0291
  142      4.9646      8.2591      2.5827      0.3431     150      0.0460
  143      4.4892      6.0114     26.9566      0.3289     152      0.0672
  144      4.5420      3.9205     11.9448     10.9805      24      0.0376
  145      4.4892      8.2068     11.9986     10.9711      31      0.0192
  146      4.3836      8.3114     18.2401     10.9770      79      0.0145
  147      4.4364      2.5091     20.4461     11.0150      88      0.0299
  148      4.4364      1.0977     16.0879     10.9903      52      0.0126
  149      4.4364      2.5614     14.0433     11.0056      40      0.0127
  150      4.4364      5.4886     16.0879     11.0202      59      0.0126
  151      4.4892      5.4886     10.0616     11.0479      11      0.0272
  152      4.4364      6.9523     14.0433     11.0230      47      0.0127
  153      5.6511      7.2136      1.8294      0.3322     149      0.0112
  154      4.5949      3.9205     18.0787     10.9764      72      0.0192
  155      4.5420      6.7955     20.2847     11.0376      95      0.0341
  156      6.3377      5.6455      1.8832      7.3400     133      0.0215
  157      5.5455      0.0523      0.0000      0.3296     202      0.0328
  158      5.4399      3.1886      1.1837      7.2528      97      0.0383
  159      5.1758      3.0841      0.3228      0.3358     148      0.0452
  160      6.0737      0.4705     29.4317      7.3024     126      0.0364
  161      6.0208      8.4682     25.8805      7.2984     121      0.0103
  162      4.6477      0.4182     24.4277      0.3444     154      0.0285
  163      4.7005      3.8159      6.0800      0.3154     245      0.0217
  164      5.3871      3.2409      6.4029      7.3415     146      0.0281
  165      5.4399      0.4705     28.6784      0.3502     204      0.0112
  166      4.7005      0.5750     22.8674      0.3610     153      0.0382
  167      4.3308      2.5614      3.4436      0.3217     163      0.0109
  168      4.8589      1.7773      7.1561      0.3444     226      0.0254
  169      4.8061      3.3455     28.1941      0.3526     169      0.0601
  170      5.8096      4.6000     23.5130      7.3164     117      0.0330
  171      5.8624      4.8091      1.6142      0.3250     219      0.0312
  172      5.9680      4.7045     24.4277      0.3492     186      0.0297
  173      5.8624      3.3455     10.0078     11.0039       8      0.0370
  174      5.1230      5.2795     23.2978      0.3389     187      0.0319
  175      5.7040      1.6727     18.0787     10.9858      65      0.0395
  176      6.5490      5.1227      7.6942      7.3211     104      0.0198
  177      5.7568      7.6318     10.1154     11.0726      15      0.0328
  178      5.7568      4.7045     20.1233     11.0383      92      0.0112
  179      5.9152      5.7500      7.4252      0.3717     162      0.0462
  180      5.8624      6.2205     26.5262      0.4034     230      0.0383
  181      5.8096      0.3136     20.1771     11.0877      81      0.0204
  182      6.2321      4.3386      7.2638      0.3001     157      0.0283
  183      5.7040      6.2205     18.1325     10.9744      76      0.0333
  184      5.7040      0.3659     14.0433     11.0250      33      0.0127
  185      5.7040      3.2932     16.0879     10.9974      56      0.0126
  186      7.3412      1.9864     26.9028      7.2663     134      0.0280
  187      5.7040      4.7568     14.0433     11.0218      44      0.0127
  188      5.8096      5.9591     11.9986     10.9753      28      0.0312
  189      7.4468      2.4045     23.8359      7.3606     145      0.0396
  190      5.7040      7.6841     16.0879     10.9946      63      0.0126
  191      5.8624      1.6727     11.9448     10.9722      17      0.0320
  192      7.1828      1.9864     25.9343      0.3750     221      0.0209
  193      6.6546      0.1568      6.5105      7.3175     106      0.0349
  194      7.0771      6.0114      4.7349      7.2977     107      0.0317
  195      7.1828      7.8409     28.9474      0.3648     156      0.0274
  196      6.3906      0.0523     26.6876      0.3625     193      0.0206
  197      6.9187      2.8227     23.2440      0.3460     243      0.0368
  198      6.9187      6.1159      3.8202      0.3507     161      0.0273
  199      6.8659      5.1227      4.8963      0.3438     167      0.0391
  200      5.5983      7.8932      4.9501      0.3087     191      0.0513
  201      7.6053      0.9409      2.9055      7.3180     103      0.0194
  202      6.9715      2.4568     20.1771     11.0524      85      0.0228
  203      7.0771      5.4364      9.7926     10.8305      12      0.0339
  204      6.8659      0.3136      2.7441      0.3510     160      0.0384
  205      6.1265      3.0841      5.7572      0.3219     246      0.0161
  206      7.1300      5.5932     22.8136      0.2876     197      0.0271
  207      7.0243      6.9000     20.1771     10.9454      96      0.0259
  208      7.0243      8.4159     18.1863     10.9817      80      0.0256
  209      7.0771      1.0977      9.9002     11.0728       1      0.0252
  210      6.9715      1.0977     16.0879     10.9980      49      0.0126
  211      6.9715      2.5614     14.0433     11.0004      37      0.0127
  212      6.9715      5.4886     16.0879     10.9947      60      0.0126
  213      6.9715      6.9523     14.0433     10.9951      48      0.0127
  214      6.8659      0.2614      7.4252      0.3471     165      0.0236
  215      7.0771      8.3114     11.8910     10.9881      32      0.0341
  216      6.9715      4.0250     18.0787     10.9811      69      0.0348
  217      7.1300      3.9727     11.9986     10.9831      21      0.0323
  218      7.2884      1.6727      3.4436      0.3407     175      0.0399
  219      6.6546      7.9455     25.5038      0.3321     195      0.0315
  220      6.3377      2.8750      1.1837      0.3937     147      0.0315
  221      7.9222      7.0568     22.5445      0.3290     194      0.0234
  222      7.7109      1.0977     29.9697      0.3434     180      0.0102
  223      8.1334      0.7841     22.8136      0.2938     222      0.0390
  224      7.6581      2.9273     26.9566      0.3640     220      0.0212
  225      7.9222      4.8614     27.4408      0.3814     208      0.0367
  226      8.3447      1.2545      1.1837      0.3577     181      0.0370
  227      8.2919      4.5477     20.2847     10.9363      89      0.0336
  228      7.1828      5.6455      1.4528      0.3392     216      0.0157
  229      8.3447      7.6318      9.9002     11.0831      16      0.0293
  230      8.1862      1.8295     18.1863     10.9717      66      0.0147
  231      8.2391      0.3659     14.0433     10.9936      34      0.0127
  232      8.2391      3.2932     16.0879     11.0023      53      0.0126
  233      8.2391      4.7568     14.0433     10.9712      41      0.0127
  234      8.2919      6.1682     11.9986     10.9759      25      0.0297
  235      8.6088      6.5864      7.1023      0.4137     229      0.0255
  236      8.2391      7.6841     16.0879     10.9808      64      0.0126
  237      8.3447      3.1886      9.9002     11.0462       5      0.0267
  238      8.3975      6.1682     18.3477     10.9909      73      0.0192
  239      8.3975      6.2727      5.7034      0.3218     228      0.0216
  240      8.3975      1.8295     11.9986     10.9811      18      0.0188
  241      8.1334      2.7182      5.6496      0.3403     190      0.0354
  242      8.1862      2.9273     24.0511      0.3066     244      0.0364
  243      7.4997      0.0523      6.0800      0.3723     164      0.0251
  244      8.8728      0.8364     26.7952      0.3582     196      0.0269
  245      8.3975      3.5545      4.4121      0.3029     189      0.0396
  246      9.4010      0.1045      3.2821      0.3279     241      0.0359
  -------------------------------------------------------------------------
