2.423783514870754446e-141
1.788014329768602858e-132
6.631995940014457380e-124
1.236840213837992083e-115
1.159789123376682336e-107
5.468151704953127352e-100
1.296278049654502953e-92
1.545083191846870175e-85
9.259801097422534032e-79
2.790278398189052109e-72
4.227557318557756922e-66
3.220531573315493529e-60
1.233564057325434331e-54
2.375701878788181671e-49
2.300478953846624296e-44
1.120058423727566698e-39
2.741947769575360738e-35
3.374999930446908336e-31
2.088740314475580246e-27
6.499668779412570328e-24
1.016937171159565649e-20
8.000059999623615296e-18
3.164383191568774328e-15
6.293376941992452074e-13
6.293424314240532969e-11
3.164779372769466648e-09
8.006804713710248442e-08
1.021418755608215641e-06
6.640754552074430802e-06
2.315530532695932758e-05
5.341913923545744437e-05
1.276829049036033855e-04
3.576991294903691704e-04
9.502841024326006206e-04
2.253985132380926550e-03
4.962722069185018098e-03
1.034517148303825892e-02
1.955541485391430745e-02
3.293745319820423623e-02
5.047832666801094215e-02
7.159115936467440322e-02
9.454624853841731014e-02
1.162703296816103016e-01
1.336057667187758591e-01
1.452459527238538495e-01
1.510574811759041458e-01
1.512854158312557096e-01
1.474805756394750311e-01
1.414163926861017051e-01
1.340081332259752400e-01
1.259472675941126774e-01
1.181122182589268016e-01
1.115755829033376195e-01
1.069642816383861716e-01
1.042132361296605886e-01
1.034334292789967080e-01
1.050871350161258627e-01
1.094642104311361747e-01
1.162087121948535140e-01
1.246552770342711502e-01
1.335224954466853742e-01
1.420065264676467487e-01
1.502554469826534178e-01
1.580305506721457198e-01
1.646719584299695394e-01
1.699826854597793202e-01
1.744085876460295947e-01
1.792294071613551310e-01
1.847538697346327030e-01
1.884688820663563968e-01
1.878263805829493982e-01
1.842829667485105793e-01
1.817040523812786523e-01
1.804904436584694460e-01
1.769339127588068772e-01
1.690511009492210726e-01
1.599594926129818406e-01
1.525522753967020750e-01
1.461264074699483995e-01
1.390194951090637510e-01
1.313602811330180919e-01
1.247755700916313853e-01
1.193004139130299512e-01
1.139260342899668932e-01
1.087043029003082334e-01
1.044628054497408615e-01
1.009223975503279191e-01
9.663858610779271774e-02
9.234517893914775954e-02
8.974712619408423131e-02
8.851591404783221151e-02
8.779891655316202081e-02
8.717662307204702976e-02
8.596119682013365904e-02
8.446764691975160166e-02
8.387871535134396039e-02
8.395365664853525478e-02
8.337316559867895271e-02
8.254550194362189619e-02
8.274025605475110456e-02
8.356901980843832456e-02
8.419255564548323856e-02
8.412726457905356225e-02
8.365713163841251299e-02
8.382974679808342933e-02
8.466315529495584136e-02
8.586818339438946623e-02
8.737887097007780712e-02
8.860506034257194241e-02
8.956154782732261843e-02
9.054884219331735262e-02
9.180250965314527833e-02
9.408041468142334940e-02
9.750817981821892355e-02
1.011060057373632110e-01
1.041076911191811671e-01
1.069544339461067639e-01
1.097821047285507945e-01
1.123565546549657179e-01
1.146612348468757370e-01
1.163263325002511922e-01
1.174353427394236177e-01
1.185400355375738346e-01
1.193660510620748322e-01
1.192653263556281706e-01
1.191853736390122431e-01
1.200556826950148065e-01
1.211363679223777245e-01
1.212861340007048705e-01
1.214288026531124276e-01
1.227871768181339196e-01
1.240032408276053044e-01
1.248623029186813338e-01
1.267052126554953639e-01
1.284508425475257010e-01
1.289115544512353662e-01
1.300053089594679634e-01
1.324604050851602433e-01
1.338142765310421090e-01
1.328704205630661106e-01
1.312687481717619287e-01
1.303526312837284540e-01
1.294967555450868002e-01
1.283355626910655800e-01
1.273798054590387363e-01
1.270065432401507044e-01
1.270159606655374973e-01
1.264520450300307131e-01
1.249183743462323054e-01
1.231338712476128111e-01
1.212381087127720330e-01
1.190566691727360793e-01
1.167597603053294186e-01
1.145656033821177977e-01
1.129145692065486734e-01
1.114435024105648181e-01
1.100072897543651063e-01
1.093329349156162422e-01
1.091388118878066499e-01
1.089603775707962269e-01
1.084205195310998793e-01
1.071807579847657288e-01
1.060168317221848594e-01
1.057409220023211305e-01
1.059414724515290451e-01
1.055749234478742665e-01
1.047458703506542466e-01
1.041578540523488416e-01
1.040407406391194584e-01
1.041458517715713045e-01
1.043617886748379603e-01
1.057725751504755007e-01
1.077562002668468050e-01
1.087219200364801797e-01
1.084049737551567583e-01
1.069129132153173595e-01
1.060350454280155480e-01
1.070224495084113464e-01
1.082906691467902943e-01
1.093155767513910998e-01
1.104512333381946348e-01
1.105777739641220642e-01
1.103491627362782890e-01
1.114961428007936184e-01
1.131457110167913144e-01
1.142986776448227104e-01
1.154846953533044951e-01
1.176180459228175906e-01
1.198536054533986123e-01
1.204362235126408137e-01
1.198843721794959766e-01
1.198402600427446313e-01
1.209301047539484558e-01
1.222514908325176147e-01
1.228873169494984624e-01
1.229196850506932420e-01
1.211586461603245124e-01
1.108908426382618079e-01
8.262573777663557995e-02
