3.954020736937495582e-231
1.243901087584208506e-219
1.967708558460240140e-208
1.565196453862279079e-197
6.260601175835258090e-187
1.259242049898900770e-176
1.273668411534751344e-166
6.478385149213881445e-157
1.657108985047460134e-147
2.131678333881728012e-138
1.379090767648198805e-129
4.487258695128371297e-121
7.343539964838038025e-113
6.044881939839677993e-105
2.502956977937316292e-97
5.213520400338027663e-90
5.463287508944639825e-83
2.880449316548651879e-76
7.641750901586829532e-70
1.020237255143667899e-63
6.855528505647064901e-58
2.318863696014226127e-52
3.948889769207468653e-47
3.386257121638326212e-42
1.462510436573968879e-37
3.182081977509017178e-33
3.488733186620002560e-29
1.927934215161089164e-25
5.371874840987825734e-22
7.549781541392916684e-19
5.354545834467559680e-16
1.917631122427032462e-13
3.471094150120328887e-11
3.180412123891868771e-09
1.478995645886284745e-07
3.507840877173916247e-06
4.283047456702997554e-05
2.742419767080810501e-04
9.582713534830570755e-04
2.016566731644378347e-03
3.245827083830055484e-03
5.508915507415016767e-03
1.029431612405223503e-02
1.841751064412858185e-02
2.887349375887463682e-02
3.816395101700323367e-02
4.429694864668466681e-02
4.994816938413190743e-02
5.574513825229150676e-02
6.149463903451692776e-02
7.142360809457243276e-02
8.760118840311778565e-02
1.117201829631323945e-01
1.558595704032440243e-01
2.452837479804233500e-01
4.100887238089251929e-01
6.597654412375942856e-01
9.812238094187459847e-01
1.376683959992967443e+00
1.840783702514247056e+00
2.305768971025348169e+00
2.691666596270770651e+00
2.974265461907897201e+00
3.113333559588942201e+00
3.051605883095301230e+00
2.834450612485930776e+00
2.559050414985551747e+00
2.264692819504955157e+00
1.965616073257896446e+00
1.697093143014247074e+00
1.482956910888931334e+00
1.306587075563997002e+00
1.151438126246001170e+00
1.029359463655252771e+00
9.516931467925677790e-01
9.071490831124625620e-01
8.790907194695658511e-01
8.662517821399209339e-01
8.746756859540850693e-01
8.959344858853349747e-01
9.065994820024746437e-01
9.055122136546799316e-01
9.176153468829592041e-01
9.498495853849036052e-01
9.818991214235197607e-01
9.999073777686805498e-01
1.010974122388035523e+00
1.012580473291988525e+00
9.918811134584314404e-01
9.519754562457247715e-01
9.093701028518237361e-01
8.727778962048103883e-01
8.464890548701565764e-01
8.217272271651839821e-01
7.830279602968739372e-01
7.385956229346751778e-01
7.072205098941183321e-01
6.900435175213598393e-01
6.705987951093090871e-01
6.419675781865828990e-01
6.086922952533173614e-01
5.774118440818896136e-01
5.599985200579706834e-01
5.588764843538617244e-01
5.603404865660128742e-01
5.615654917813992508e-01
5.727743421136277657e-01
5.927266022216592933e-01
6.065354738433915704e-01
6.105828347485410257e-01
6.163424524040952424e-01
6.302694825088159813e-01
6.483399661396848090e-01
6.769087866989190738e-01
7.220395368634744404e-01
7.661972963802434755e-01
7.901581993991343422e-01
8.017465744106715420e-01
8.181281102252209170e-01
8.377653319758092687e-01
8.556311384845916024e-01
8.747229616198209934e-01
8.931999060256319289e-01
9.085846538058288679e-01
9.313682532701534900e-01
9.689538843083149722e-01
1.014041879414289360e+00
1.055703286644927630e+00
1.093030279134054483e+00
1.132840351030220738e+00
1.166992830544817839e+00
1.183160704850856781e+00
1.185070420304692673e+00
1.185971653198577114e+00
1.191579088005094711e+00
1.202566713824565925e+00
1.216293531639099257e+00
1.222724446021564493e+00
1.212856077219669038e+00
1.193723206727633546e+00
1.180344653411833367e+00
1.167813955898355349e+00
1.146212306894185184e+00
1.121232219787207995e+00
1.101351646353065705e+00
1.086492187337731563e+00
1.059992631822301190e+00
1.014547942799733482e+00
9.802026205906440026e-01
9.759656640206921807e-01
9.815105209576444611e-01
9.772661353138579754e-01
9.603327538469054181e-01
9.440995323392477045e-01
9.392892109530482925e-01
9.330798966876486800e-01
9.130200141917584888e-01
8.875097077927359690e-01
8.685784298851157992e-01
8.571273855597867364e-01
8.506276889429517096e-01
8.455912656957133011e-01
8.447063991442632647e-01
8.470187883944143570e-01
8.429248317055432205e-01
8.410851224743258747e-01
8.486122323157747616e-01
8.524558792304778310e-01
8.555209037746759337e-01
8.707336436112341760e-01
8.837061170349486128e-01
8.757322177568620525e-01
8.580954066647936695e-01
8.569679405117748283e-01
8.779031814252298282e-01
9.049726198346561556e-01
9.107756284685002424e-01
8.918810900779695627e-01
8.825803485248500113e-01
8.935160749769682775e-01
9.032469022199078879e-01
9.032363045847041638e-01
9.051389439173564977e-01
9.263986809553307333e-01
9.665381149913303549e-01
1.002263471942634210e+00
1.016578024308945061e+00
1.013261925253654772e+00
1.001913691364736847e+00
9.906971936835088366e-01
9.932710602271455080e-01
1.009727687179653888e+00
1.024855831612046186e+00
1.030604228167154357e+00
1.036662590081231405e+00
1.037348171871975699e+00
1.004772515144280565e+00
8.952533094089538679e-01
6.522528193552170617e-01
