    #         X           Y           Z       CHARGE      MIN DIST   ATOMIC VOL
 --------------------------------------------------------------------------------
    1    7.103537    1.089974    9.821602   11.006497     1.152897    15.308221
    2    9.683046    1.180216    9.688634   10.957174     1.157497    17.211370
    3    2.206201    0.998493   10.050298   11.051538     1.105420    16.145417
    4    4.685047    0.977944    9.911212   11.038879     1.118919    15.856944
    5    8.420610    3.286053    9.954089   11.043354     1.121542    15.150170
    6    0.767910    3.388133    9.902022   11.027738     1.113015    17.010835
    7    3.253155    3.179091    9.857669   11.040678     1.152406    15.806142
    8    5.746288    3.258856    9.799426   10.977630     1.171053    15.786831
    9    9.643103    5.370419    9.973614   11.049181     1.106182    17.656854
   10    2.103469    5.453987    9.828924   11.006213     1.161481    19.163834
   11    4.591035    5.487191    9.635814   10.849634     1.080734    13.925869
   12    7.185502    5.364061    9.956982   11.074034     1.145878    16.037276
   13    0.701075    7.790286    9.907205   11.005154     1.110964    17.456468
   14    3.384807    7.724159    9.838235   11.020375     1.115826    17.384127
   15    5.933449    7.738139    9.864991   11.027804     1.114563    16.699635
   16    8.365416    7.585810   10.011007   11.021141     1.098319    15.576344
   17    5.883974    1.724996   11.901012   10.981398     1.134129    11.726227
   18    8.394194    1.756119   11.833096   10.963923     1.137174    11.513957
   19    0.793119    1.715714   11.908002   10.974979     1.136777    11.739150
   20    3.343191    1.790438   12.043201   10.982873     1.113776    11.524355
   21    7.125400    3.898919   11.878112   10.979828     1.114155    11.493161
   22    9.570336    3.982654   12.102710   10.986780     1.122656    11.293815
   23    2.017732    3.978737   11.902910   10.975679     1.130528    11.530000
   24    4.508270    4.063236   11.809714   10.972476     1.146560    11.908936
   25    8.411615    6.182527   11.974712   10.982320     1.132357    11.063274
   26    0.822273    6.144537   11.950005   10.981584     1.156489    11.431812
   27    3.328528    6.173640   11.948709   10.977220     1.139763    11.706173
   28    5.922071    6.162399   11.892093   10.978214     1.138840    11.872989
   29    9.647808    8.286933   11.955609   10.989349     1.127147    11.205877
   30    1.906452    8.328954   11.885313   10.974797     1.103325    11.229941
   31    4.525640    8.349240   11.856086   10.982666     1.115635    11.715680
   32    7.233111    8.350847   11.928612   10.974677     1.094216    11.310155
   33    5.703962    0.365912   14.030589   10.972051     1.181338    11.642597
   34    8.239056    0.365912   14.030589   10.998620     1.146487    11.625960
   35    0.633774    0.365912   14.030589   11.024803     1.169372    11.693696
   36    3.168868    0.365912   14.030589   10.991107     1.148147    11.631901
   37    6.971509    2.561368   14.030589   10.999091     1.189068    11.723256
   38    9.506603    2.561368   14.030589   11.021304     1.125252    11.679138
   39    1.901321    2.561368   14.030589   10.972926     1.181338    11.485585
   40    4.436415    2.561368   14.030589   11.001105     1.122882    11.689388
   41    8.239056    4.756824   14.030589   10.998764     1.146164    11.469988
   42    0.633774    4.756824   14.030589   11.017960     1.117826    11.542923
   43    3.168868    4.756824   14.030589   10.996618     1.182612    11.648835
   44    5.703962    4.756824   14.030589   10.972140     1.190169    11.704242
   45    9.506603    6.952280   14.030589   10.991020     1.146133    11.437308
   46    1.901321    6.952280   14.030589   10.998483     1.159171    11.574712
   47    4.436415    6.952280   14.030589   10.999986     1.158459    11.708996
   48    6.971509    6.952280   14.030589   10.999087     1.169372    11.602787
   49    6.971509    1.097728   16.100507   10.966351     1.172798    11.511432
   50    9.506603    1.097728   16.100507   10.997737     1.181315    11.615710
   51    1.901321    1.097728   16.100507   10.995083     1.161579    11.518711
   52    4.436415    1.097728   16.100507   11.017273     1.143304    11.596696
   53    8.239056    3.293184   16.100507   11.022769     1.181315    11.697409
   54    0.633774    3.293184   16.100507   10.986590     1.158675    11.435674
   55    3.168868    3.293184   16.100507   11.002541     1.176288    11.655520
   56    5.703962    3.293184   16.100507   10.973952     1.181315    11.710481
   57    9.506603    5.488640   16.100507   10.966504     1.161579    11.438645
   58    1.901321    5.488640   16.100507   11.020708     1.128495    11.500440
   59    4.436415    5.488640   16.100507   10.997843     1.181315    11.636952
   60    6.971509    5.488640   16.100507   10.998776     1.181315    11.609768
   61    0.633774    7.684096   16.100507   10.999959     1.161579    11.524950
   62    3.168868    7.684096   16.100507   10.964638     1.181315    11.518859
   63    5.703962    7.684096   16.100507   11.017794     1.172798    11.650024
   64    8.239056    7.684096   16.100507   10.996414     1.174418    11.551539
   65    5.753346    1.818329   18.260307   10.974658     1.112195    11.677950
   66    8.373112    1.925230   18.207607   10.976160     1.157047    11.705579
   67    0.658394    1.849066   18.224210   10.970865     1.148595    11.473256
   68    3.135648    1.788787   18.152799   10.993926     1.112399    11.431961
   69    7.007771    4.089713   18.250002   10.983418     1.139323    11.734100
   70    9.527969    4.095676   18.137793   10.964355     1.162684    11.357986
   71    1.870464    4.099092   18.097689   10.983589     1.143425    11.480238
   72    4.453948    4.103263   18.268593   10.976093     1.148371    11.912204
   73    8.125089    6.318549   18.246898   10.983007     1.078332    11.313720
   74    0.722695    6.230397   18.098292   10.983066     1.137209    11.293072
   75    3.233249    6.312568   18.223306   10.971253     1.154427    11.690873
   76    5.719771    6.302153   18.157288   10.996156     1.154448    11.529109
   77    9.464389    8.379160   18.190011   10.987378     1.133523    11.387992
   78    1.861134    8.468576   18.218997   10.972438     1.137479    11.514700
   79    4.462476    8.619536   18.179585   10.982901     1.111239    11.463452
   80    6.978293    8.508086   18.182900   10.974955     1.140423    11.371206
   81    5.738622    0.474017   20.327995   11.023007     1.138512    17.434334
   82    8.280206    0.520060   20.245104   11.022848     1.163866    18.336889
   83    0.581672    0.245698   20.223892   11.042628     1.146058    17.784750
   84    3.230156    0.417268   20.266196   10.991262     1.174174    14.931959
   85    7.016320    2.635250   20.414803   11.027276     1.159373    16.634870
   86    9.708235    2.714989   20.274211   10.997414     1.108179    16.316242
   87    2.113295    2.628488   20.174688   11.055073     1.137123    15.452755
   88    4.517802    2.544358   20.292711   11.052079     1.134303    15.281186
   89    8.275906    4.759608   20.278700   11.015396     1.145669    18.083027
   90    0.746991    4.744556   20.187795   11.015870     1.103703    15.030444
   91    3.292895    4.737258   20.363489   11.003362     1.136568    17.168589
   92    5.770057    4.852616   20.231395   11.021271     1.150169    17.010092
   93    9.506522    6.856532   20.044009   11.041739     1.089115    17.076492
   94    1.936558    6.842841   20.275115   11.037648     1.137635    16.877591
   95    4.499133    6.971108   20.268908   11.056429     1.171102    16.771827
   96    7.017141    7.130683   20.276893   11.021344     1.142757    16.608577
   97    1.167989    6.165394   23.701506    7.303183     0.710847    22.680618
   98    0.059575    7.417366   27.236008    7.355238     0.726558    23.658930
   99    1.369488    6.837396   29.379114    7.372439     0.720791    22.555990
  100    4.506779    2.955883   23.676106    7.280495     0.690101    21.468200
  101    7.078003    7.224034   23.715095    7.240908     0.713313    24.159227
  102    7.243961    7.500951    0.553991    7.312490     0.724701    20.615260
  103    3.650404    1.431973   26.116606    7.286539     0.750010    22.324706
  104    8.226178    4.580670   29.363808    7.295438     0.741077    22.886797
  105    7.159715    3.909800   26.424094    7.303199     0.743637    21.289947
  106    9.911630    8.550028   24.546413    7.375504     0.716044    26.642886
  107    9.995096    4.364619   27.169297    7.344925     0.732784    24.323814
  108    9.479498    4.280437    4.012080    7.346583     0.731605    22.833916
  109    9.170541    2.206916    1.508123    7.321557     0.726209    26.760384
  110    0.152785    8.763110    6.536165    7.322364     0.719528    23.184777
  111    6.955771    6.466118   26.826194    7.335091     0.692911    23.719239
  112    1.750229    5.950511    3.457607    7.343575     0.724075    25.838371
  113    5.396698    2.088537    3.081480    7.324298     0.715257    23.328716
  114    4.108759    7.735180   27.565703    7.247422     0.744547    23.905216
  115    0.781559    2.148631   25.514195    7.320967     0.719091    25.932845
  116    5.451801    0.094563    5.122020    7.320129     0.711218    23.752067
  117    1.565319    2.727134    0.498489    7.322853     0.721389    26.180913
  118    2.712784    3.272652    2.890208    7.359088     0.694587    29.404619
  119    4.347078    6.019009   23.750198    7.286258     0.718445    24.689678
  120    7.693210    2.880886   23.670200    7.291145     0.688560    24.000730
  121    6.416648    1.164953   27.023403    7.304362     0.691609    22.167992
  122    9.376188    3.609848    6.736627    7.323315     0.711271    24.769298
  123    2.217001    5.895713   26.276603    7.302974     0.720997    20.011279
  124    8.893121    6.983508    4.870968    7.324401     0.718533    23.121497
  125    2.589558    7.396043    5.940834    7.242477     0.724808    25.726962
  126    2.528959    0.783866   23.095599    7.235481     0.665661    22.725033
  127    3.618512    2.145927    6.829551    7.316780     0.757477    23.032371
  128    7.907557    0.264342    2.994341    7.290389     0.698949    24.731419
  129    6.164325    3.012447    6.418231    7.314968     0.713177    22.180321
  130    5.530369    0.806259    0.783741    7.344637     0.715995    20.175866
  131    2.362495    4.366191   28.691311    7.352781     0.749620    23.377587
  132    4.085406    4.055587   26.737398    7.269587     0.756308    19.709289
  133    6.864853    4.343464    2.886893    7.333514     0.714875    25.689678
  134    3.030533    0.615615   30.089667    7.311065     0.761540    27.981269
  135    4.396239    5.538811    7.341027    7.316313     0.730203    21.504297
  136    7.685270    8.737309    7.020191    7.327048     0.717857    21.457357
  137    5.598208    5.650542   29.564300    7.290163     0.724525    19.356199
  138   10.086603    6.600287    1.576129    7.312542     0.737319    28.385903
  139    4.210863    6.968210    1.341167    7.253230     0.740768    23.537124
  140    8.366115    0.417251   28.883096    7.287156     0.714402    24.868228
  141    5.924525    3.034981   29.352689    7.365593     0.696677    22.310149
  142    5.890393    0.702493   24.404586    7.328529     0.708139    21.841789
  143    5.277001    6.371231    3.741834    7.327243     0.722352    25.450670
  144    1.470466    2.286892    5.504686    7.334831     0.759556    27.424971
  145    0.393497    3.704042   23.263399    7.294929     0.721978    22.249989
  146    6.846225    5.488394    6.271071    7.234393     0.749639    19.055843
  147    1.903663    6.469482   23.131998    0.394843     0.089583     3.243462
  148    1.677888    6.088131   24.551113    0.311393     0.085228     1.707367
  149   10.032098    7.838920   26.362597    0.342572     0.093456     2.217913
  150    0.098919    6.514673   27.097013    0.306258     0.095521     1.777925
  151    7.748181    6.667231   27.301603    0.367960     0.117049     3.006980
  152    1.752480    5.952373   29.313911    0.323661     0.107072     1.822934
  153    4.863801    2.711748   22.856388    0.390219     0.086987     2.667854
  154    4.389942    3.928689   23.674388    0.359951     0.133290     2.561496
  155    7.854199    7.150240   24.362794    0.355408     0.118430     3.959742
  156    7.498058    7.520596   22.883988    0.406521     0.113939     3.760396
  157    8.362363    5.020200    0.130920    0.382096     0.132123     3.673795
  158    6.713457    6.821563    0.126400    0.319161     0.086113     1.472816
  159    8.868135    1.443047    2.078234    0.323097     0.113906     2.116012
  160    2.701691    1.591627   25.926690    0.344694     0.117567     2.427064
  161    0.755539    4.349163   27.563985    0.325380     0.098346     1.857248
  162    7.428881    4.024078   29.467007    0.333130     0.090440     1.654485
  163    7.097493    2.994101   26.812696    0.339968     0.116616     2.260991
  164    0.314544    7.803213   24.326215    0.329473     0.079029     1.924539
  165    0.351293    0.467878   24.826391    0.309947     0.096967     1.762328
  166    5.549463    0.848596    4.453290    0.340193     0.108576     1.952762
  167    9.376381    4.173711   27.908504    0.332912     0.104990     2.203653
  168    5.050009    6.469570   24.247994    0.322535     0.095851     2.982619
  169    9.548331    4.089880    4.972540    0.315704     0.107090     1.743612
  170    0.126755    4.709077    3.582169    0.336597     0.095988     2.170379
  171    7.681609    7.923480   29.871306    0.383168     0.128167     2.238264
  172    9.025027    3.045431    1.973619    0.340382     0.112054     2.825310
  173    1.032676    8.343883    6.527909    0.332542     0.110539     2.053475
  174    0.295359    0.908980    6.257331    0.348888     0.117406     2.404039
  175    4.041843    1.350364   25.212311    0.336619     0.111453     1.948751
  176    7.085274    5.513387   26.637001    0.308472     0.094822     1.379084
  177    2.212772    6.350980    4.237822    0.331125     0.100238     2.544265
  178    4.485028    2.348769    3.254794    0.353976     0.118996     2.822934
  179    5.878468    2.941296    3.220234    0.312370     0.095941     1.778965
  180    3.970749    8.620458   27.114489    0.350117     0.115671     2.153297
  181    5.108306    7.616248   27.535511    0.406477     0.150250     3.088976
  182    0.208953    2.742810   26.077888    0.339642     0.101225     2.668745
  183    0.758622    2.701632   24.730996    0.348829     0.116175     1.848632
  184    1.150710    6.561849    2.996993    0.325228     0.098787     2.825162
  185    6.308207    8.718929    5.543434    0.353544     0.113143     2.294859
  186    0.617782    2.450208    0.862594    0.366559     0.133853     2.327093
  187    1.884680    1.847002    0.300437    0.314633     0.091255     1.887254
  188    7.342728    3.637344   25.486896    0.345262     0.115921     2.434639
  189    2.437625    4.146408    3.154970    0.359817     0.120526     2.230094
  190    2.425649    3.229393    1.987961    0.294427     0.080926     1.735293
  191    4.293385    6.401370   22.843010    0.403735     0.110362     3.332440
  192    8.620882    2.859134   23.419087    0.354098     0.119873     2.491829
  193    6.183146    0.834238   26.114588    0.344004     0.115021     1.748959
  194    9.274196    4.084461    7.552608    0.389700     0.096976     2.800504
  195    7.092971    0.568930   27.325106    0.360675     0.101007     2.632946
  196    7.255389    3.257591   22.942895    0.364095     0.082908     2.962120
  197    0.139045    3.285842    6.615409    0.322212     0.104865     2.442661
  198    2.919790    5.182664   26.288986    0.337219     0.100465     1.702614
  199    2.818224    6.643590   26.432802    0.358104     0.092969     2.716131
  200    9.436300    7.590868    5.392568    0.331904     0.098098     1.893641
  201    3.277400    8.079471    6.063799    0.355491     0.105818     3.330955
  202    1.835459    0.574885   22.453595    0.405218     0.105762     3.054069
  203    9.476456    6.379433    4.382120    0.342856     0.095422     2.074123
  204    3.202615    1.232072   22.628386    0.399033     0.117863     2.457069
  205    3.574503    2.082680    7.789409    0.412482     0.118280     2.318626
  206    4.557856    2.405201    6.506726    0.300711     0.104036     1.623588
  207    6.970749    8.734534    3.059274    0.371898     0.116677     2.930628
  208    6.683756    2.224691    6.560420    0.356588     0.111365     2.998959
  209    8.444440    8.378203    3.435159    0.334264     0.075415     2.443700
  210    6.811971    3.780839    6.370895    0.330761     0.123693     1.700980
  211    5.631752    2.811202   28.501395    0.323305     0.072947     2.317586
  212    6.095421    0.071475    0.593282    0.308983     0.081589     1.433897
  213    5.854881    1.089447    1.648022    0.338627     0.108031     1.767824
  214    2.235000    3.711006   29.427806    0.322644     0.109838     1.824717
  215    5.058598    4.177619   26.474896    0.367239     0.117394     2.711526
  216    6.355289    5.013780    3.341000    0.321588     0.083661     1.664586
  217    3.974399    3.182998   26.228001    0.360033     0.136942     1.893790
  218    3.144430    4.065941   28.128190    0.331346     0.095909     1.842988
  219    7.734258    4.391799    3.370498    0.349278     0.116655     2.049613
  220    2.909071    8.682607   29.347898    0.377256     0.114442     3.109773
  221    3.878562    0.367379    0.404541    0.285677     0.062397     1.449197
  222    2.736269    6.794453    6.749945    0.384809     0.131662     3.631905
  223    6.988586    8.731153    7.683498    0.410641     0.110757     2.894681
  224    5.720065    4.722803   29.850908    0.315235     0.097577     2.005347
  225    8.548378    0.040107    7.371279    0.299387     0.071284     1.651811
  226    4.498413    4.600446    7.239817    0.363526     0.123507     2.447117
  227    5.749563    5.614554   28.622311    0.378797     0.122907     2.616457
  228    0.522006    6.682722    0.724623    0.342165     0.129480     1.933451
  229    9.209511    7.013411    1.285123    0.374228     0.105563     2.753712
  230    1.027524    7.251749   28.559608    0.297353     0.080621     1.563873
  231    4.400883    6.592252    0.431478    0.333681     0.099250     2.150474
  232    9.233442    0.055378   28.859714    0.340413     0.109631     3.632203
  233    3.210524    7.020190    1.369701    0.396061     0.141510     4.158792
  234    8.404213    1.170310   29.513107    0.338746     0.102910     3.096552
  235    5.833140    2.257500   29.940096    0.298643     0.091894     1.588532
  236    5.259276    5.748310    6.979303    0.280862     0.075727     1.482471
  237    6.462128    1.469313   24.080586    0.362167     0.114421     2.110219
  238    6.378246    8.717032   24.137594    0.317483     0.079278     1.457070
  239    5.281524    7.227977    4.203985    0.359581     0.119096     2.066101
  240    4.759974    6.603712    2.918652    0.335909     0.106550     1.814170
  241    1.618333    2.264990    4.533409    0.342110     0.121639     3.984846
  242    2.390239    2.215891    5.939448    0.332633     0.142131     1.550801
  243    1.102989    3.345761   22.641101    0.433210     0.129653     3.488263
  244    0.574980    4.671158   23.299587    0.294832     0.101711     1.480688
  245    7.399626    6.090766    5.635485    0.315462     0.099575     1.972073
  246    7.356042    5.497510    7.157499    0.440258     0.128563     3.942808
 --------------------------------------------------------------------------------
    VACUUM CHARGE:               0.0000
    VACUUM VOLUME:               0.0000
    NUMBER OF ELECTRONS:      1456.0000
