,Planar,Macroscopic
0,3.3033200095929454,2.786094222847533
1,3.2428591089945598,2.817288352337762
2,3.1205390855618704,2.83021851155308
3,2.9541704702633593,2.827062293783974
4,2.7831677626831914,2.8126156284663484
5,2.6458945606030895,2.7934241509477467
6,2.5473084819816503,2.7756791401261824
7,2.4735858569887603,2.7632593283352263
8,2.4122456621640818,2.7588719195712503
9,2.360549159240344,2.763782512459381
10,2.331957576544879,2.7772921812799827
11,2.3465030143322987,2.7982785296909376
12,2.412638449205511,2.8267113600950307
13,2.5390013950570296,2.862363469132946
14,2.7226422030879025,2.9032961312956553
15,2.9534590577894932,2.946004527950701
16,3.195832764304604,2.9878638375395123
17,3.402410605873303,3.028763802021386
18,3.546494048363761,3.070840328504666
19,3.6206133803917484,3.116429944104083
20,3.632330032835554,3.166750874942863
21,3.5959084329458233,3.2217454959067986
22,3.5199556816119646,3.280761870724754
23,3.4146457003939057,3.3427730771465423
24,3.3007760545802634,3.406907313814704
25,3.2097852176624753,3.472516287756624
26,3.1696231388631237,3.540159478891663
27,3.181162240029858,3.6120842872040413
28,3.2377343316429203,3.691086262857448
29,3.336406191683137,3.778868308196187
30,3.474933195928709,3.8753970071361286
31,3.6552031106492207,3.9803614597944597
32,3.8770584631148073,4.0938904692985965
33,4.134420588744053,4.215884554670723
34,4.413410204735312,4.3446113924104175
35,4.697057155496113,4.476303104659887
36,4.968529610125074,4.605509155728177
37,5.200690196489064,4.724937177507527
38,5.369846613754501,4.826200371992594
39,5.485268580795759,4.90103282081882
40,5.563477852686448,4.942380047939848
41,5.610539237092167,4.944829936592337
42,5.617859133894772,4.905384763895836
43,5.580236038152919,4.823897317947981
44,5.495332058092361,4.702538462291439
45,5.330866632058149,4.544848954606272
46,5.060471832374115,4.355115890158828
47,4.683390270555214,4.138765632566926
48,4.219183284107215,3.9016505695333685
49,3.699301106394034,3.6496718239625463
50,3.1670453545777986,3.389377276213941
51,2.667646561682666,3.1288351451638627
52,2.2289508029175287,2.8772273526157077
53,1.858646017163124,2.6421226746055684
54,1.553334450071077,2.4279302293528797
55,1.3063855598348268,2.238164209724269
56,1.1017754791504624,2.076669209592605
57,0.949651160520949,1.9481708049409114
58,0.8781759932115465,1.855521946627314
59,0.9207808781907534,1.8000734989667704
60,1.0889188680279867,1.7819416430763593
61,1.3483518339704124,1.7998234935792823
62,1.6398680435439723,1.850929069976591
63,1.9150782787431546,1.931840398273893
64,2.153561830004171,2.038778316884377
65,2.370418986824726,2.16788383121914
66,2.551503834462458,2.3159668693009787
67,2.7012290485042505,2.4797033495126466
68,2.840671948550401,2.654489864180762
69,2.9895198707352852,2.833411700109183
70,3.1488511780690804,3.0088405588607134
71,3.3150499265145648,3.175365117286047
72,3.478216985059798,3.331500477950235
73,3.6302848178605487,3.4789333188677443
74,3.7672701646235622,3.6185500235700485
75,3.896907804330974,3.7487843331462685
76,4.024333257237615,3.8685824492836978
77,4.14137392490233,3.9779380096746615
78,4.2466383255555336,4.077033306000312
79,4.345793885626422,4.164506471083776
80,4.450304535499357,4.238842313276487
81,4.568869415258311,4.299020911943102
82,4.666662514645652,4.34498779776296
83,4.714636559196682,4.377599180050779
84,4.707869924936196,4.398540527717488
85,4.6696291355416015,4.409404622678407
86,4.624387282412112,4.410673574815163
87,4.564036842237633,4.402915427939195
88,4.486896337537877,4.386943192236795
89,4.398264702513648,4.363789217946597
90,4.305620929817239,4.334235008638304
91,4.217289699041278,4.29864862813529
92,4.144214422624323,4.259165575962713
93,4.092461513627507,4.219322264710226
94,4.047174395699198,4.181493105101615
95,4.001727281134922,4.1448541957515594
96,3.959138082912327,4.10668870804825
97,3.9290223484028752,4.06597466690852
98,3.9183287679500687,4.023905133423153
99,3.9283145662040595,3.9828982500783305
100,3.955967575539288,3.943432500026077
101,3.9974569566519125,3.9039439429322993
102,4.026945051981217,3.8606816872748144
103,4.010128767240596,3.8083362924845594
104,3.93740850375254,3.742857791108482
105,3.831184101722493,3.6621423582897066
106,3.7296447348012505,3.565869774307831
107,3.6601408023068513,3.4546628826292167
108,3.5952374288766813,3.3295364581655504
109,3.5064956713532975,3.191008830037165
110,3.365493820789577,3.038546325658304
111,3.15024440740292,2.8707722023281788
112,2.868561370929817,2.6886594623305125
113,2.5488494903969516,2.497568325782398
114,2.2262315712385594,2.3050476273113656
115,1.927298298187832,2.117434182691584
116,1.666053127604066,1.9386957492974988
117,1.4348172598931141,1.7706340002908145
118,1.2116424967197907,1.61575903934573
119,0.9775227367096627,1.47743646843911
120,0.7489157320232219,1.3591889999628788
121,0.5704883093745412,1.2641937403781351
122,0.47203593127395954,1.1954934255456624
123,0.45414209856641324,1.1558542420549012
124,0.5123529337077206,1.146967454841975
125,0.6350293201865314,1.1696337258322274
126,0.8074881318651549,1.2227992829851784
127,1.0166893950341416,1.304753610165967
128,1.2370393882174124,1.4145168761238764
129,1.4403297348775386,1.5519286909225054
130,1.6319557039453083,1.7157144842195247
131,1.8353441875632497,1.9021770464555798
132,2.066269401405893,2.106041757270505
133,2.3352911760123733,2.3231031982737163
134,2.623033156357185,2.5501112118508775
135,2.9099951491473055,2.783859223332847
136,3.187381283962161,3.020871157831043
137,3.450935403084986,3.257556152410352
138,3.6970600113695684,3.4912944256273244
139,3.926814429623535,3.7216080213269285
140,4.141600725942602,3.948339838705386
141,4.361248036624223,4.169881954893136
142,4.598497178096615,4.383559187586481
143,4.842493526861983,4.586090211076428
144,5.073702952832684,4.775130021673552
145,5.27701929746171,4.94943406345209
146,5.444328306122914,5.108188056379294
147,5.585974457470411,5.250884850993929
148,5.71312841675754,5.377097092752441
149,5.823102278942756,5.486384511170926
150,5.912459589886108,5.578219004078465
151,5.980849598831405,5.650925903695689
152,6.02574974710543,5.701658900081278
153,6.04746790116099,5.728313592464855
154,6.0449531566518075,5.729688832304211
155,6.019477706148417,5.704600766934385
156,5.968880363022792,5.65133901983826
157,5.893987961156278,5.566729908666547
158,5.794621598278298,5.4447338634218205
159,5.669972229734251,5.277975951666056
160,5.51169111303722,5.0592263495131435
161,5.322277989766375,4.781819397626097
162,5.098457269941083,4.44073599653897
163,4.825434120804836,4.032826343596184
164,4.48561685839267,3.5568896360562587
165,4.063010456379591,3.0132574531590786
166,3.5171996023524668,2.4038761851891572
167,2.82145986733901,1.732098706093957
168,1.9749667511336682,1.002636284319415
169,0.9875244648645565,0.22159287179379947
170,-0.11375147246284716,-0.6032660061431715
171,-1.2949058518091472,-1.4631942686124901
172,-2.521907579066871,-2.3483799747910648
173,-3.765901586000832,-3.2474183769795792
174,-4.999982460435786,-4.147414145044599
175,-6.198006662557329,-5.034177734965504
176,-7.335701993663464,-5.891129261681353
177,-8.38880919572682,-6.700159345870052
178,-9.335768689828246,-7.443336653631196
179,-10.156430734681358,-8.103600195780812
180,-10.834885441273261,-8.666005963960561
181,-11.35725711858842,-9.118213659547278
182,-11.714306966777695,-9.450786252182333
183,-11.898734162196684,-9.656993800931943
184,-11.907927878532833,-9.732983281223463
185,-11.741081648057552,-9.677797810034248
186,-11.4022247885669,-9.49354814718537
187,-10.897219293828565,-9.185362298878497
188,-10.237055299698305,-8.761339803925052
189,-9.434644372370053,-8.23263826610421
190,-8.50821424649786,-7.613103021719153
191,-7.477637463493799,-6.918050478377526
192,-6.36779310568317,-6.164788503088654
193,-5.204668181151454,-5.373376681324469
194,-4.0192080623836475,-4.565648017820482
195,-2.841463926203118,-3.7648907412018264
196,-1.7033637806662558,-2.995192097738597
197,-0.6398030539061677,-2.2802946960493746
198,0.316748957657747,-1.6410413350380513
199,1.1536886615608601,-1.0947745277611467
200,1.8444085884219799,-0.6559965747603
201,2.3466786295586175,-0.3361742199233279
202,2.6311880645389434,-0.14345033700351084
203,2.6725493310782413,-0.08287979789834872
204,2.4523507937712217,-0.15615499910040695
205,1.9709339365774798,-0.3615113200999704
206,1.2695051985055075,-0.6938254956524512
207,0.3981581586142507,-1.1444513423400542
208,-0.6102110924826373,-1.7016367409340778
209,-1.720835076428302,-2.35168757140529
210,-2.8987632131264593,-3.078524998758239
211,-4.114398477258541,-3.8628824216468933
212,-5.338161684020695,-4.6833625782981345
213,-6.537877704195257,-5.516695801987161
214,-7.6850189406109095,-6.338465774850324
215,-8.751068294283025,-7.12416982883296
216,-9.712588217034677,-7.851837508955204
217,-10.547226286920953,-8.502529154895514
218,-11.23866510393111,-9.05975384865178
219,-11.771754982437166,-9.509573975593332
220,-12.137454755183406,-9.841028523781475
221,-12.327448695324223,-10.045826799692247
222,-12.339508717765707,-10.118782719383205
223,-12.17173903510996,-10.0578703160761
224,-11.828513043694887,-9.864385310242112
225,-11.31429146831133,-9.542667928344686
226,-10.640255580095447,-9.100182800376603
227,-9.81759736137622,-8.547273463479275
228,-8.864945080513024,-7.897476133739153
229,-7.8007674436524495,-7.167166429746964
230,-6.6513682384579464,-6.37599237466704
231,-5.441454444667367,-5.544353522426698
232,-4.2022888355991075,-4.69229934246221
233,-2.960155420129352,-3.8400381922909568
234,-1.747855913609193,-3.0081728797849636
235,-0.5948582227690712,-2.216669297476986
236,0.4576868313910719,-1.4877485745045127
237,1.3738196894222163,-0.8441976794095141
238,2.1036782362552717,-0.30291814922642085
239,2.6420506450019343,0.12137043819227832
240,2.9974665215950713,0.41808635698543206
241,3.1689616679725905,0.5799697677972133
242,3.145062581412995,0.6033584371987634
243,2.9327730132322753,0.48743920005797087
244,2.480317433409071,0.23503155941112105
245,1.766318750333761,-0.14783549057707893
246,0.8780864627826559,-0.6511121296997469
247,-0.16357287011586608,-1.2614143343296125
248,-1.3104817001811813,-1.96126600235102
249,-2.5275530500553054,-2.731984332244124
250,-3.781292786371201,-3.5544912218647173
251,-5.046701688663614,-4.4091374613961385
252,-6.29119344525249,-5.27516858473183
253,-7.4864651225566705,-6.132058122450299
254,-8.601292672816948,-6.95630206576956
255,-9.611619993915372,-7.723388791483097
256,-10.493651788130057,-8.41391993727449
257,-11.23087929307394,-9.010187362002755
258,-11.807657491575618,-9.497813497928316
259,-12.214670643592992,-9.86529980604382
260,-12.443497638629433,-10.104105007723023
261,-12.491238665700159,-10.208440427811382
262,-12.356073546337628,-10.175866699260697
263,-12.041242312509933,-10.007207595333877
264,-11.551474161462446,-9.70675333625234
265,-10.896386515224647,-9.281725756200395
266,-10.087752146841284,-8.74231422674276
267,-9.142306596134357,-8.101505268157085
268,-8.079786416596832,-7.375950442224229
269,-6.924739250254063,-6.583975941805161
270,-5.704866331340186,-5.745492193696219
271,-4.450601251873891,-4.885728269787238
272,-3.1931160093492705,-4.027408227786565
273,-1.9611235529803865,-3.192701078977154
274,-0.7842442578926523,-2.4038882776349166
275,0.30368196146821885,-1.6853199266253382
276,1.252329375215825,-1.0555315830960392
277,2.040870363950223,-0.5310144422539792
278,2.6492098273315445,-0.1260037441270777
279,2.9845119646614764,0.14942578040483795
280,3.093687209674481,0.2886176564689702
281,2.983486366059466,0.28825309733914806
282,2.6471562626978407,0.14833874948239562
283,2.0378438029477626,-0.1277901469660786
284,1.2484380366860992,-0.5334647797479009
285,0.299001939022719,-1.0585956895029784
286,-0.7895938503126047,-1.6889376796213809
287,-1.9670078086795832,-2.407990063409886
288,-3.1994125621858056,-3.1972107257592577
289,-4.45716331621069,-4.032243420920818
290,-5.711574270770816,-4.89080886235231
291,-6.931443689052921,-5.750736504516502
292,-8.086387647965452,-6.589305942022185
293,-9.148674414123173,-7.381290384110081
294,-10.093826446915424,-8.106790586059146
295,-10.902072544242879,-8.74748491069099
296,-11.556762094957145,-9.28673631188071
297,-12.046076548246601,-9.711569494466739
298,-12.360490736092393,-10.011815658380698
299,-12.49521119289598,-10.180271779585594
300,-12.447093612404458,-10.212677429074821
301,-12.21787615463437,-10.10823777769159
302,-11.810565598397076,-9.869432346690992
303,-11.233495904350423,-9.502089756493227
304,-10.496119071727588,-9.014799159729748
305,-9.614005095228098,-8.419153611706818
306,-8.603843512637093,-7.729769526259229
307,-7.4893734978988205,-6.964276481358262
308,-6.294875961576881,-6.141662245740823
309,-5.051529964154768,-5.286184142279815
310,-3.7878898899546583,-4.421361571816148
311,-2.5365077905633666,-3.5680069381988258
312,-1.3225957051728274,-2.7479960801173005
313,-0.18045267983016172,-1.9823996084845714
314,0.8521514430994332,-1.290979017411652
315,1.7327982599708387,-0.6925452397193733
316,2.4465655050214825,-0.20385264468657427
317,2.9033946694021804,0.162448341512018
318,3.1197126559415227,0.3968416839188136
319,3.1425072504774407,0.49385697872822143
320,2.9496298470703928,0.451100035306539
321,2.5472405850386783,0.2698210177541989
322,1.9494515675849724,-0.045866353213944645
323,1.157802903232913,-0.4881541336564281
324,0.192623197953294,-1.0458064035949246
325,-0.8959557463241631,-1.7037785664126948
326,-2.0757957982545627,-2.4452505505817297
327,-3.3052546575854262,-3.2473876430970003
328,-4.55751487154494,-4.087728172402988
329,-5.799530106505488,-4.945818206374145
330,-7.004968382599418,-5.799805522370374
331,-8.141632727794862,-6.627949955831482
332,-9.185589415793503,-7.4094810815381145
333,-10.110700670749019,-8.123845110934688
334,-10.899930210021154,-8.752162307282926
335,-11.535072995872683,-9.278843101709827
336,-12.006416871566262,-9.69101686241586
337,-12.303113361003394,-9.97903901583879
338,-12.422141840861707,-10.136111411723194
339,-12.359359217261261,-10.158586875331892
340,-12.118108695134417,-10.045987655677875
341,-11.70074962590543,-9.801147373058736
342,-11.117086336314962,-9.430022118961363
343,-10.376210046008408,-8.941463420696772
344,-9.494923490963188,-8.347329372212657
345,-8.489653419198135,-7.6624646078937655
346,-7.384817997464252,-6.904700574754387
347,-6.20408845146203,-6.094096046524365
348,-4.9781824288271155,-5.252934061301982
349,-3.734507640650339,-4.405049574846059
350,-2.505334842040748,-3.5730169021053024
351,-1.316644101986405,-2.7786066074640297
352,-0.20551733730706495,-2.043513670766104
353,0.79249276186737,-1.387834459763246
354,1.633335724942524,-0.8281548503655679
355,2.287768147137007,-0.3793232717231675
356,2.7187738931411918,-0.05293938985984532
357,2.902561538945345,0.14290450506377314
358,2.8584794141992114,0.2035772609480927
359,2.598635677637475,0.12769092155693362
360,2.114586524247699,-0.08270187327751631
361,1.4260157520430268,-0.4224533958291143
362,0.5793094781950073,-0.8828377054865886
363,-0.4106850036349179,-1.4517343481321525
364,-1.5099081239244483,-2.1134009997541474
365,-2.6788983428369035,-2.8494513594387536
366,-3.88607282290936,-3.6386947312703817
367,-5.100461749691202,-4.458015412595305
368,-6.292405149060854,-5.285030843224934
369,-7.432171507915169,-6.097811740979073
370,-8.492434911141602,-6.873993294396729
371,-9.447646805752775,-7.592445275823857
372,-10.276664004253385,-8.235009292704213
373,-10.9611383271859,-8.78484712273361
374,-11.487606799828107,-9.2277699510154
375,-11.845210724903287,-9.552632011107598
376,-12.027798337134122,-9.751156592828226
377,-12.031420481937035,-9.817963857878526
378,-11.856681437270094,-9.75073829972067
379,-11.506119913645273,-9.550227208818077
380,-10.986842825651403,-9.220256862646247
381,-10.307765944164048,-8.767399558349853
382,-9.482519032996686,-8.201127582936165
383,-8.526415424496443,-7.533586986750352
384,-7.45951529388069,-6.779231900332132
385,-6.302992520596561,-5.954910794366326
386,-5.082345102219448,-5.07968193749853
387,-3.8229718716685235,-4.173597639390686
388,-2.552968680048656,-3.254273840855607
389,-1.296215328417633,-2.337422219382292
390,-0.08376844680701949,-1.4362713786831138
391,1.0545924041587134,-0.561572759955717
392,2.0907847556998225,0.277479235185531
393,2.9925691824812097,1.072120249676175
394,3.726321086486228,1.8146341271984805
395,4.27809688400414,2.4985500450739897
396,4.69114693636134,3.118816145258481
397,4.997209272874387,3.671952246485361
398,5.233872306933814,4.156115221895932
399,5.436809192929099,4.570899052758803
400,5.620416879545788,4.917652835946782
401,5.777122836335146,5.19944223681107
402,5.9057345015208025,5.4208668797511645
403,6.007494001162602,5.588333729302444
404,6.082444701101398,5.710157091042943
405,6.133477950415322,5.795531093523205
406,6.1619648773416085,5.851208544313759
407,6.169893627114061,5.882296003007652
408,6.157799650576608,5.891972868995269
409,6.126801619715887,5.881580890913465
410,6.076428328621515,5.851556832895226
411,6.00697247440423,5.802929327880038
412,5.919141597815217,5.736868214954725
413,5.814828928648848,5.653790457576952
414,5.69334105059131,5.554173261811399
415,5.556783529364468,5.4388484034971345
416,5.408055894710915,5.3085593723225415
417,5.249753587456653,5.164462425108659
418,5.079983835217478,5.008560110151366
419,4.901827746061752,4.843405511197318
420,4.716634468865176,4.671568971212826
421,4.512094368362687,4.495001692163058
422,4.2893351773214485,4.3154800067780155
423,4.057630500758544,4.133616774012535
424,3.816762316198952,3.9462258725519543
425,3.576148577264197,3.747798867050178
426,3.351557981345344,3.534735007393145
427,3.154018838543012,3.3082583548825535
428,2.9833706089006675,3.074516075793902
429,2.828761451508383,2.8420588949817738
430,2.6877512608844327,2.6189123846672206
431,2.5412907388702135,2.41128864135584
432,2.3203048243008433,2.2223581387111895
433,1.985097430332496,2.0524431642220966
434,1.5729064208843304,1.9009939050603117
435,1.1731738422660005,1.7692617148214727
436,0.872622811621749,1.6609041920629088
437,0.7175984914434534,1.579561920103019
438,0.699997283203208,1.5278081705621427
439,0.7748669887578392,1.5060628626006902
440,0.8885861297177472,1.5102001361210478
441,0.9991609599548771,1.5337341151566348
442,1.0906756512868212,1.573513094797583
443,1.204969152965093,1.6323123061455413
444,1.4011225716911944,1.7149857325201443
445,1.689857943264998,1.8222648629571134
446,2.0518031171648894,1.9496618374822614
447,2.4373459082022357,2.089954539867533
448,2.762222184250874,2.2364434645856957
449,2.964902361510778,2.3854721529828997
450,3.0363264578379114,2.536898173293426
451,3.0434832345957425,2.6931983318967756
452,3.061028095627186,2.8574090693832073
453,3.1041981901314437,3.0293247634521023
454,3.165768353074411,3.203991650160144
455,3.242867134378343,3.374401840951202
456,3.336797928130136,3.533942445619287
457,3.4573833799075033,3.6785644693621418
458,3.6142544953072266,3.8076507330599503
459,3.8125638148151646,3.9244661709666784
460,4.046468926042585,4.034083704595748
461,4.299451646205209,4.1389411732803785
462,4.54512653243595,4.238447167216744
463,4.757241377504038,4.331853972122698
464,4.923534001190427,4.418768981609723
465,5.040542335573621,4.4985112363427024
466,5.085774930811431,4.569577567162675
467,5.0675802438318875,4.6294962405459374
468,5.009442063161162,4.675013532322051
469,4.930917670919106,4.701918964380395
470,4.852135986481751,4.706380337641897
471,4.785520678438605,4.686143921929396
472,4.730238523840884,4.640136805792819
473,4.678227719571967,4.568861140415374
474,4.615991882889644,4.473327369460605
475,4.535919500806234,4.354346874698757
476,4.433565747277258,4.21455227947488
477,4.296861591865385,4.057939338647114
478,4.126773644749612,3.8888332440895486
479,3.9351961633801933,3.7112825806028513
480,3.7169984419775504,3.52820984244349
481,3.4742794007100164,3.3411056248770645
482,3.2039261240045636,3.1505421023836613
483,2.898893429860349,2.957169876816363
484,2.569472216781683,2.7631680646099417
485,2.248547308932097,2.571737584925331
486,1.9655323611249764,2.3857577492109594
487,1.7350057281585507,2.208304549291882
488,1.5568266996132565,2.041765949133938
489,1.4176447622429502,1.8862297129271708
490,1.3000951189596173,1.7399975289152794
491,1.1975276593605995,1.6018436105489187
492,1.1239592631740565,1.4730314404192666
493,1.0901708664832415,1.3573517862606685
494,1.0859287044185701,1.2606048346312537
495,1.102703993321989,1.1875421061150817
496,1.1290788419066262,1.1390146907390173
497,1.1355439116583779,1.1128121524415475
498,1.0848191297635108,1.1053625393425976
499,0.9875088701155224,1.114424099671325
500,0.8853070616708206,1.1407936403989656
501,0.8166596550055882,1.1873306207497036
502,0.8280270874522169,1.2562966910647428
503,0.9334181956410007,1.3477987916225633
504,1.0920388843558186,1.4602454222549963
505,1.2633600388040906,1.5912227940148627
506,1.4227336638321544,1.7378102890246725
507,1.5807528481600501,1.8980416209887343
508,1.7747468520571497,2.07308713313769
509,2.0351933056738805,2.265116399348445
510,2.365348528844762,2.474269942420117
511,2.737208676524014,2.6977758679915533
512,3.1099680558023626,2.9291190771929636
513,3.4602966849995824,3.1602143478605824
514,3.7676537520832065,3.384891604108755
515,4.019707887011489,3.6000959207362535
516,4.235638348444709,3.804669917194518
517,4.44403566190912,3.9958191456734906
518,4.650070836960915,4.1685100267840856
519,4.839766315291439,4.317080663547213
520,4.992204853077602,4.436353763665982
521,5.09313306765813,4.5230396590350885
522,5.13622949682293,4.576868645373009
523,5.137037738099061,4.599766536204398
524,5.10506560008092,4.595514228603356
525,5.021438960781552,4.568714959726713
526,4.88318271204786,4.522586759394559
527,4.709464767410195,4.458279047248009
528,4.512264330982615,4.376678736097299
529,4.297554793167908,4.277157692952662
530,4.078889809884937,4.15764966701885
531,3.872458719964584,4.017323173107844
532,3.691112215264448,3.8580576978098997
533,3.5373210472318974,3.682803784381492
534,3.4053307424659396,3.495334735150417
535,3.2864968432712134,3.3014949827160587
536,3.1812652362481546,3.1076839739407975
537,3.0483875386879955,2.9187237079428656
538,2.841060386268964,2.737440247268992
539,2.5672561772600164,2.566486972905394
540,2.2694509414599313,2.4090809421138397
541,1.9824672963877266,2.268898352740629
542,1.7306227139215764,2.1493267778285996
543,1.5323234169630955,2.0527564323388403
544,1.3945845540931638,1.9801944305723518
545,1.3081799794474214,1.9311287689559622
546,1.2491620388528877,1.902873946104552
547,1.2203958546231417,1.8937661934214338
548,1.245581255636958,1.9049324162884942
549,1.3491721112467854,1.9388079436644214
550,1.5388238668479184,1.9946610092531014
551,1.7990548284162298,2.068636155780836
552,2.099214710669158,2.1560082277625785
553,2.4033149341762043,2.2510379884309932
554,2.6726784249227693,2.346924351290366
555,2.88444799039186,2.438368267446807
556,3.0420523978760543,2.523590807659602
557,3.1770156700267047,2.6027851802140436
558,3.2748061220561713,2.6751033594554148
559,3.314019933886946,2.7375707897744133
