,Planar,Macroscopic
0,5.188431619194556,4.66917418127062
1,5.127826800564469,4.700291280614849
2,5.005206514957259,4.712991612524355
3,4.838383931641572,4.709452029130501
4,4.666776172750984,4.694467050010928
5,4.528747840982293,4.674580315118709
6,4.429255112063946,4.655980623385918
7,4.354470679711442,4.642543841273347
8,4.291908778380416,4.636973974945544
9,4.2388260966748,4.640533053534752
10,4.208680211869766,4.652518059387077
11,4.221500345938583,4.671801756026316
12,4.28573647603824,4.698348138812507
13,4.41002188485617,4.731923113045627
14,4.591400664137968,4.770580020428167
15,4.81976251000919,4.810805260690015
16,5.059477759320989,4.849964652034738
17,5.263181564532899,4.8879382580329
18,5.404161724536414,4.926852191059847
19,5.474933340070737,4.969033223648917
20,5.483041405108709,5.015690032164209
21,5.44273346783774,5.0667558613972
22,5.362600505636721,5.121570317862331
23,5.252802165695528,5.179098922645873
24,5.134124156268971,5.238463347652228
25,5.037995587678375,5.299009800875989
26,4.992359572865454,5.3612931889373625
27,4.998084683278041,5.42755714351783
28,5.048502765145026,5.500594195797963
29,5.140685272132424,5.582105029080181
30,5.272396692410589,5.672054945013581
31,5.44553677095992,5.7701328612180705
32,5.659960314252365,5.876468628607968
33,5.909598668036905,5.990965114145542
34,6.180578744425697,6.111893652730655
35,6.455932746981314,6.2354912912884215
36,6.718828665578825,6.35631357352308
37,6.942128339150652,6.467075156425322
38,7.102139891909906,6.559396893531206
39,7.208135959518551,6.625020749587688
40,7.27664431865488,6.656899986620014
41,7.3137389053718636,6.64962984886926
42,7.310837850801004,6.600219611873136
43,7.262753081718172,6.508528978475379
44,7.167160653089307,6.376736104998887
45,6.991793175518392,6.208389915472222
46,6.710294033050945,6.007786914458341
47,6.321914681149098,5.780364240552992
48,5.8462229589924535,5.531986242324234
49,5.314674291446333,5.268566703362298
50,4.770576048322147,4.996666092421755
51,4.259167266877279,4.724364132239684
52,3.8083070218488153,4.460852010559158
53,3.4257013355013544,4.213704411268267
54,3.1079746473289807,3.9873321458238036
55,2.8485202088543717,3.785246502360999
56,2.6313359237922618,3.6112847527158274
57,2.466584258203699,3.4701613981691812
58,2.382433321725097,3.3647154833947455
59,2.412303622094597,3.296282025726735
60,2.567619660551548,3.2649600239225225
61,2.8140962944821317,3.269428255523983
62,3.0924598750889807,3.3068770250563344
63,3.354251593187885,3.373866817860396
64,3.5789825394378525,3.4665947211058277
65,3.781694299309473,3.5811757585724227
66,3.9481964930526114,3.7143921901202126
67,4.082872053422149,3.8628917002278484
68,4.206780015846316,4.022043609497662
69,4.339595435703573,4.184908545991332
70,4.482384873431136,4.343837636612915
71,4.631517605974459,4.4934041146543935
72,4.7770769057467515,4.632113241911836
73,4.910978883253086,4.76164730399441
74,5.029231691652478,4.882893012284622
75,5.139575440141149,4.994288012862155
76,5.247167688581749,5.094784671551003
77,5.34387247898065,5.184383821082585
78,5.428343291740038,5.26327508091774
79,5.506292899228755,5.330103645675456
80,5.589224165722953,5.383361264751854
81,5.685864710674191,5.422035407618651
82,5.761405288661674,5.446080177893084
83,5.7868043097050545,5.456362125434974
84,5.757136349451891,5.454579027659658
85,5.6956567449906395,5.442337706979861
86,5.626822692879086,5.420135519242162
87,5.542509601342469,5.388556401343416
88,5.441022016806307,5.34842956296616
89,5.327652177576815,5.3008038841941145
90,5.209882770686514,5.246478132843033
91,5.096053939007115,5.185839063045557
92,4.997135931696801,5.1210431007930985
93,4.919231667904785,5.055650527839831
94,4.847528309303176,4.9920629487467565
95,4.77544835680323,4.929486895349779
96,4.706060200949431,4.865238638965142
97,4.64903068133193,4.798331020495507
98,4.611360641403491,4.729992505351596
99,4.594361454319605,4.662676157271552
100,4.595077968117433,4.596894084911306
101,4.6097379965462295,4.531114240072783
102,4.612559925776542,4.461615798536329
103,4.569287783845059,4.3831176381678985
104,4.47035407795564,4.291596352866427
105,4.3381724688890255,4.184972625506766
106,4.210928744215919,4.062948057225963
107,4.115957912136,3.9261637692374958
108,4.025805468202095,3.775648407749424
109,3.9120167319136896,3.6119291362623636
110,3.7461639840406313,3.4344758509629902
111,3.5062647812730194,3.2419103293657727
112,3.2001451738766944,3.0351995978634116
113,2.856221264329354,2.8196940452316954
114,2.5096179718949982,2.6029292910647635
115,2.1869134975395266,2.3912257277749855
116,1.9020841346181574,2.1885314172149997
117,1.6474145675525422,1.9966249576000057
118,1.4009188327286919,1.817990043481385
119,1.1435586077963167,1.6559627838141668
120,0.8917667587340531,1.5140336730093915
121,0.6901878364741658,1.3953451978692615
122,0.5685885029508652,1.3029032592659664
123,0.5275083296730191,1.2394350320836043
124,0.5624311541361806,1.2065905414749976
125,0.6616416390661033,1.2051269443467296
126,0.8103770140669186,1.2339447996885058
127,0.9955260579037589,1.2912861008071441
128,1.1914399895546757,1.3761223435809646
129,1.3698722287506808,1.488244201012006
130,1.5361902790173805,1.6263290163452202
131,1.7137931750468407,1.7866335640543116
132,1.9184171409400839,1.9638405264043304
133,2.1605687492307,2.1537063058887362
134,2.4208055307701257,2.3529481488746553
135,2.679557987688036,2.5583333028234985
136,2.9279712026574614,2.766366466248368
137,3.161752041555066,2.9734447491812888
138,3.3772934347319077,3.176943648933233
139,3.5756696952378033,3.376387985250501
140,3.7583138252512107,3.5716314363178245
141,3.9450923603923167,3.7610858062393655
142,4.148784327882729,3.942105907420605
143,4.358574410145281,4.111452104677811
144,4.5549739557145745,4.266833923199029
145,4.722935150696329,4.407074654001667
146,4.854420185089667,4.531440805696052
147,4.959870282461509,4.639517824274391
148,5.050572398229201,4.730981224606175
149,5.123971833634575,4.805502399267791
150,5.1767789622024045,4.862672589632281
151,5.2088002998604015,4.900943442424035
152,5.2176782641520605,4.917601400835486
153,5.203891142135515,4.910680554923301
154,5.1665619331563715,4.879122832914397
155,5.107138375965182,4.821890339319511
156,5.023634640704038,4.737419354310476
157,4.917050839146885,4.622681074825905
158,4.787377251812035,4.471776423285418
159,4.63396771064389,4.277463915900566
160,4.448627579288845,4.03263743726218
161,4.2339991837259685,3.7307425246431074
162,3.9869349595542687,3.3668558880266604
163,3.692750265988365,2.937905200048721
164,3.3339424549270538,2.4427459191052634
165,2.8945812517392215,1.8817421182288225
166,2.334288670500442,1.2568470395437925
167,1.6263467007072436,0.5713939460623059
168,0.7699023467114543,-0.16995143148393557
169,-0.2253081272828952,-0.9611545821691523
170,-1.3322811949440043,-1.7945399276680891
171,-2.517221241467392,-2.661467440285349
172,-3.746305123825869,-3.552242504557797
173,-4.990930039810752,-4.455584344596431
174,-6.224476775626498,-5.358724400762224
175,-7.421104843519879,-6.247599991224663
176,-8.556839544020303,-7.1057566718849
177,-9.607689001690012,-7.915208504693617
178,-10.552308639692013,-8.658145469360125
179,-11.370696043384719,-9.317625515932145
180,-12.047016197349782,-9.878820346671771
181,-12.567402854707062,-10.329500417789923
182,-12.922578556057202,-10.660331944399108
183,-13.105179376584706,-10.864677700541868
184,-13.11253158138381,-10.938763939703783
185,-12.94378628984966,-10.881697479841412
186,-12.60296301728571,-10.695636373531597
187,-12.095948965579264,-10.385740269401339
188,-11.433788148257262,-9.960126974894466
189,-10.629462521594109,-9.429962367537948
190,-9.70127260279119,-8.809093878925815
191,-8.66915365038044,-8.112837345168952
192,-7.558029080540921,-7.358499983211091
193,-6.3939085659971955,-6.566141960146184
194,-5.207739630443647,-5.7575980865998355
195,-4.029559127345354,-4.956158553202984
196,-2.89126933856831,-4.185911064316391
197,-1.82773311096739,-3.4705954752314723
198,-0.8713834023313725,-2.831047343621462
199,-0.03478524708358106,-2.284596919800551
200,0.6554939591842832,-1.8457295281336303
201,1.157265038583596,-1.525891267033171
202,1.441258142450464,-1.3332022234881622
203,1.482125311293663,-1.2726940398219735
204,1.2614917826729615,-1.3460370175560792
205,0.7797316379492895,-1.5514468224231819
206,0.07807822072292772,-1.8837836714406184
207,-0.7933548928177181,-2.3343884458866118
208,-1.801659552786606,-2.8914997142085204
209,-2.912064950572172,-3.5414174816691033
210,-4.089626296730762,-4.268060171650038
211,-5.304761260005791,-5.052161228436255
212,-6.527913229657554,-5.872325895134468
213,-7.726935614953203,-6.705289196868826
214,-8.873332620882165,-7.52664148685869
215,-9.938619050995271,-8.311888586851657
216,-10.899386232125732,-9.039070201972002
217,-11.733305061374072,-9.689258318296526
218,-12.424074460472552,-10.2459748816947
219,-12.9565539835683,-10.695295972675606
220,-13.321705858117369,-11.026274600562498
221,-13.511214119924793,-11.230633828536654
222,-13.522849437144602,-11.303200451333216
223,-13.354716161924076,-11.241959944150187
224,-13.011190851443343,-11.04821760213736
225,-12.496740986659125,-10.7263211074518
226,-11.822557693953717,-10.28374036996582
227,-10.999844588228516,-9.730822146574358
228,-10.047241598694836,-9.081104046919867
229,-8.983227363540587,-8.350961537193278
230,-7.834112439995656,-7.560041197386222
231,-6.624606485658677,-6.728740023747941
232,-5.385970464651254,-5.877103886061163
233,-4.144482146655213,-5.02533647823683
234,-2.9329329573780702,-4.194034803560751
235,-1.78077704032776,-3.403157732392088
236,-0.7291486666917092,-2.674918131406768
237,0.18601119151027212,-2.032093537231822
238,0.9148602584096627,-1.4915750834121289
239,1.4522070055642762,-1.0680713226986844
240,1.8066010412173952,-0.7721528202759474
241,1.9770971789139167,-0.6110686794351667
242,1.9522392927260817,-0.5884713655658727
243,1.7390462943767913,-0.7051656743385963
244,1.2857551237820544,-0.9583253728365781
245,0.5709981069205126,-1.341916389526121
246,-0.3179094299403512,-1.845885273032623
247,-1.3601596706985861,-2.4568454434770635
248,-2.507579396386398,-3.1573188690796083
249,-3.725091950524625,-3.9286210229693603
250,-4.979218815003958,-4.751671982692771
251,-6.244979704564241,-5.606820516135765
252,-7.489807530341743,-6.473310043643018
253,-8.68541534073953,-7.330612197239089
254,-9.800588569808744,-8.155221722616163
255,-10.81127187648966,-8.922626879309153
256,-11.693661402436149,-9.613430705750096
257,-12.431231764451248,-10.209928155478497
258,-13.008316233804,-10.697746334901447
259,-13.415576423059996,-11.065392556298383
260,-13.64457220240446,-11.304331957947
261,-13.6923924703525,-11.40878215881738
262,-13.557216333005275,-11.376309348208565
263,-13.242294713553306,-11.2077417053302
264,-12.752378305877336,-10.907372570532798
265,-12.097113765809798,-10.482425756471178
266,-11.288306625999516,-9.9430918258442
267,-10.342723935669408,-9.302358145536841
268,-9.280128044679053,-8.576877170265522
269,-8.125083320231058,-7.784976250641803
270,-6.9052969393831445,-6.946567215766901
271,-5.651197768928957,-6.086880532790553
272,-4.393944143455479,-5.228641243719702
273,-3.162229223380508,-4.394018491657098
274,-1.9856506511505292,-3.605292638171162
275,-0.8980255189188258,-2.886811256223741
276,0.05034132107973609,-2.257105950695118
277,0.8386401301669307,-1.732662828764207
278,1.4467904253437938,-1.3277114550760734
279,1.7819678232217808,-1.052321025240049
280,1.8910908702700444,-0.9131433865359598
281,1.7809148235735501,-0.913494253452506
282,1.4446870568695185,-1.053365851277864
283,0.8355511092437807,-1.3294238034470898
284,0.046388873515713115,-1.7350018567938814
285,-0.9027477409130215,-2.260014241120979
286,-1.9910033182926488,-2.8902198764510656
287,-3.1680555831826194,-3.609121933664455
288,-4.400099442709538,-4.398181359844343
289,-5.657513373426787,-5.233043871785978
290,-6.911632904311921,-6.091430988153353
291,-8.131272362426573,-6.951171965767916
292,-9.286055611392774,-7.789545510652478
293,-10.348248436806585,-8.581323646351391
294,-11.293360114861827,-9.306606026078944
295,-12.101596899674073,-9.9470702533413
296,-12.75627924589419,-10.486078922728058
297,-13.24555739172766,-10.910656619477967
298,-13.559877224342705,-11.210634338048154
299,-13.69442277348858,-11.378808376232879
300,-13.646036751052602,-11.410916831481858
301,-13.416455333336666,-11.306162458952045
302,-13.008693961580192,-11.067021518327424
303,-12.431103831635433,-10.699318865285353
304,-11.693159367254303,-10.211639911136254
305,-10.810454124681007,-9.615574590054663
306,-9.799698376972891,-8.925737345687635
307,-8.684646060751868,-8.159757278174224
308,-7.4895850987934836,-7.336623245668978
309,-6.245693656889974,-6.480595027257201
310,-4.981518680149538,-5.6151954354274585
311,-3.7296006820493157,-4.761240733444284
312,-2.51513894017805,-3.9406105761371504
313,-1.3724211202054653,-3.1743789636662765
314,-0.3392088472876681,-2.4823101431343484
315,0.5420838235137138,-1.8832171622970633
316,1.2565353607517264,-1.3938560647409473
317,1.7140851579233596,-1.0268788592416938
318,1.93115590188279,-0.7918034979614357
319,1.954729302360475,-0.6941030536274653
320,1.7626488699482061,-0.7361754591386952
321,1.3610651928403175,-0.9167755203393357
322,0.7640794023203982,-1.2317956583864627
323,-0.02678046960986695,-1.6734349750963224
324,-0.9911986209628127,-2.230465062424272
325,-2.079056361765296,-2.8878487754124857
326,-3.2582285957488386,-3.6287729196208907
327,-4.487085658878512,-4.430408676867135
328,-5.738821979351674,-5.270299047361029
329,-6.980401783660845,-6.127993488947811
330,-8.185501425026334,-6.981641997667199
331,-9.321928820982945,-7.809505691459275
332,-10.365750419190759,-8.590814769467006
333,-11.290823010274133,-9.30501563215617
334,-12.080099234999562,-9.933228381417896
335,-12.715358472509028,-10.459862842716976
336,-13.18687076700732,-10.872047072658127
337,-13.483770646201597,-11.160134112626178
338,-13.603024287000782,-11.317321980075327
339,-13.540481295417075,-11.339957953515201
340,-13.299484001818751,-11.22755695599351
341,-12.882395998014825,-10.982943692704502
342,-12.299028107673882,-10.612064189188537
343,-11.558476665148731,-10.123759377635086
344,-10.677544734689588,-9.52987692640829
345,-9.672652378303418,-8.845251869904578
346,-8.56820359343634,-8.087707392445528
347,-7.387849305578553,-7.277295651531066
348,-6.162283469635902,-6.436294819883103
349,-4.918890081780839,-5.588536688249082
350,-3.689919355903336,-4.756593985716808
351,-2.5013364023120377,-3.962237171371792
352,-1.3902151129172244,-3.2271625980125163
353,-0.3921074554422169,-2.571469607556159
354,0.448929827255557,-2.011748878370265
355,1.1036406902587628,-1.5628557507912904
356,1.5349906826625552,-1.2363991900810274
357,1.71916507399531,-1.040483395858036
358,1.6754846437621802,-0.9797541326075723
359,1.4160266601954732,-1.0556165337536432
360,0.932314212793068,-1.2660372104866444
361,0.24399716306567704,-1.6058888128702964
362,-0.602571609343489,-2.0664654787224555
363,-1.592576081881876,-2.6356647434755813
364,-2.6919855006516005,-3.2977583079230377
365,-3.861365009564707,-4.034368370208779
366,-5.0691567311275545,-4.824306387028198
367,-6.284413302410119,-5.644452692756804
368,-7.477491537097358,-6.472415996810306
369,-8.618665245217771,-7.286255730920778
370,-9.680595098256093,-8.063595768868673
371,-10.637694220998474,-8.783296668062043
372,-11.468754332798664,-9.427193963030163
373,-12.155340430884582,-9.978445984528218
374,-12.683893620086984,-10.42286090466268
375,-13.043468429119605,-10.749286806171682
376,-13.227854829200854,-10.949433401108951
377,-13.233088553793051,-11.017895715784057
378,-13.059806470269042,-10.952318447440023
379,-12.710619022414967,-10.753392989464565
380,-12.19272291876966,-10.42487408015219
381,-11.515112468846855,-9.973248971293154
382,-10.691454063071957,-9.407894602113807
383,-9.73703123672672,-8.74085482302223
384,-8.671795439998391,-7.986477607152581
385,-7.516734966562016,-7.161503086472886
386,-6.2971007069047555,-6.284879495211717
387,-5.038007001659513,-5.376546867687603
388,-3.767254730633367,-4.454005657582483
389,-2.508442261535836,-3.5328482117149815
390,-1.292375687570406,-2.6261803732140176
391,-0.14862440723619014,-1.7446293103006876
392,0.8948962655666953,-0.8972671332936515
393,1.8060729431149232,-0.09274261707666603
394,2.5513698135001843,0.6613316597759522
395,3.1168987416410068,1.358571389866731
396,3.5459353116231083,1.9939900784206834
397,3.8702150032000606,2.5641491159114214
398,4.1272981742477075,3.0672221125825985
399,4.352806663593092,3.5027953377096823
400,4.561065123054694,3.8721871646272827
401,4.744410055179022,4.178411569168863
402,4.901541543348736,4.425997787622732
403,5.033580175071997,4.621265930515199
404,5.140435687066394,4.77242906811025
405,5.2248556731737725,4.888567646682156
406,5.2880592094478125,4.976310181176377
407,5.331875790751677,5.040630119171242
408,5.356677196946411,5.084566703635852
409,5.363414874512241,5.109316261647852
410,5.351448197736352,5.115166667137656
411,5.320899515179338,5.1029960113752635
412,5.272306290211075,5.073823771960454
413,5.207393155935322,5.027918566592687
414,5.125300932519093,4.965613092237551
415,5.027973887107623,4.887600213159555
416,4.918156694610682,4.794491725971335
417,4.7982987078090815,4.687320791269748
418,4.666372421871161,4.567976501631898
419,4.525338251455967,4.438908808208617
420,4.37644123388216,4.302595651253487
421,4.207286478452202,4.160906888996072
422,4.018937148673949,4.015549073944672
423,3.8206238497698406,3.8670777360968405
424,3.6121064400598546,3.7122631966827746
425,3.4027989661230986,3.545568776641952
426,3.2084799834650894,3.3633820674679185
427,3.040196392893197,3.1669323868816055
428,2.897811372544043,2.9623878564044013
429,2.770501794545868,2.758332874099814
430,2.6558656192858656,2.56283505288636
431,2.5349090746743626,2.382152163407291
432,2.3386392230659108,2.219500120337029
433,2.027474326372808,2.075244435279691
434,1.6387959294780734,1.9488765457135493
435,1.2622044572554612,1.8416890972775823
436,0.9845708732814844,1.7573838231666654
437,0.8523485699733783,1.69965084436549
438,0.8574804520399854,1.6711200047809522
439,0.9549944678289581,1.6722752702370391
440,1.0912003734092213,1.6990615787095287
441,1.224021518737767,1.7450688319585226
442,1.3374844278693143,1.8072233692867579
443,1.4734248942756898,1.888377277774352
444,1.6909850494685819,1.9934564740871532
445,2.001002774472041,2.1232562145553833
446,2.384256260022367,2.2733423395540457
447,2.7912965727554364,2.436536342382776
448,3.138019171790676,2.606173996482258
449,3.3630396331562573,2.7786285588886597
450,3.4574208949741476,2.953784329086311
451,3.488244679149493,3.1341431467650835
452,3.5302214631085027,3.322764266925091
453,3.598599785683598,3.519460614151817
454,3.686121123257405,3.719289988884309
455,3.78984062089052,3.9152466457171795
456,3.910958225830664,4.1007088560512885
457,4.059176591144189,4.271607260288004
458,4.244004236966948,4.427293071340967
459,4.470480236955669,4.570989227391803
460,4.732664590749468,4.7077175380553795
461,5.013959144356743,4.8398572662180595
462,5.287913794653447,4.966752962008289
463,5.5282225974637065,5.08758963344341
464,5.722576046036343,5.201906410038308
465,5.867467849016307,5.308955167036768
466,5.940363770744001,5.407168440137451
467,5.9495704420713045,5.494014429566439
468,5.918530486918518,5.566184474934001
469,5.866759786077738,5.619418752560888
470,5.814343987332624,5.649841399321719
471,5.773659871515794,5.655160520967254
472,5.743823101965577,5.634270181499755
473,5.716718246862797,5.587644165966045
474,5.678797141642959,5.516268618865816
475,5.622404400865973,5.420933977704966
476,5.543065053583059,5.304254458195194
477,5.428697234239628,5.170209100356013
478,5.28027223244439,5.0231073717140875
479,5.109703333976387,4.866982782103037
480,4.911887684238487,4.704743615816507
481,4.688954317856923,4.537867978033783
482,4.437816198232214,4.366918669733581
483,4.151444308120995,4.192541678413252
484,3.8401324195681146,4.0169177205382445
485,3.5367540009660354,3.8432563649312854
486,3.270699371363861,3.6744525663403724
487,3.0565171730788285,3.513603996266453
488,2.8940389941750735,3.36312471986598
489,2.7698983914267843,3.2231311539878305
490,2.666735552561939,3.091954489219802
491,2.5779324030968795,2.968398079449044
492,2.517565899892827,2.8537536154986776
493,2.496499999940713,2.751839197733708
494,2.504596678946626,2.6684820075330205
495,2.533422972909081,2.608461010240281
496,2.57164525723587,2.572655977945717
497,2.589819148169696,2.5588869497337563
498,2.550707718413978,2.5636143780364473
499,2.464938941983282,2.584630446119052
500,2.374215847125618,2.622766465619529
501,2.3169847883515327,2.6809155338904653
502,2.339702995955745,2.761370390611159
503,2.456376049696714,2.864264933089404
504,2.626208790061717,2.988029365101233
505,2.808674665263532,3.130265938859908
506,2.9791327036235145,3.2880647499996085
507,3.1481876169136775,3.459465786954225
508,3.353183903570521,3.645642332781528
509,3.624615631973738,3.848764541475739
510,3.9657533208652955,4.068971799226496
511,4.348601764549121,4.303489635050789
512,4.7323564551595645,4.545798928212963
513,5.093681300565228,4.787808831753768
514,5.412023857750482,5.023341835154051
515,5.675037813352796,5.249333568017919
516,5.9018855433054185,5.464615027853624
517,6.121138698479076,5.666377862148184
518,6.3379464866392565,5.849572303168721
519,6.538305833188798,6.0085181447696625
520,6.701270272874861,6.138018029128251
521,6.8125543134312165,6.2347610086206915
522,6.8658028512668094,6.298455509287411
523,6.876525856813167,6.331005461518966
524,6.854198980666208,6.336170300004284
525,6.779918634215745,6.318532497411125
526,6.650683841940176,6.281290209629905
527,6.485640780790692,6.225574097202494
528,6.296751239319895,6.152253768591099
529,6.089975395413044,6.060685706925373
530,5.87885746716051,5.948790733748008
531,5.679580440733228,5.815727405117153
532,5.504990950486199,5.663368600357954
533,5.357557366675953,5.4946617680221514
534,5.231524363243448,5.3133805205041496
535,5.118248674785675,5.125372641347753
536,5.018180571634154,4.93704342405184
537,4.890080723205693,4.753222600730386
538,4.687160755682302,4.57674529786728
539,4.417414398075847,4.410274872075636
540,4.123344365601228,4.2570390145914025
541,3.8398028747687336,4.120725111007732
542,3.5911365253421685,4.004732472175322
543,3.3957768094006147,3.911463635608805
544,3.26075793061372,3.841938628622983
545,3.1768659610045478,3.795658860414221
546,3.120159787783971,3.7699525008895765
547,3.093507731163462,3.7631693003179336
548,3.120612032444292,3.7764489869649287
549,3.225930176227174,3.812238441962686
550,3.417123451502798,3.8698157190526974
551,3.6787183084786705,3.9453332343392753
552,3.9800742374986515,4.034071850664408
553,4.28521284702796,4.130296850173512
554,4.555466100190558,4.227210660414819
555,4.7679831129161165,4.319517214339098
556,4.926195115328218,4.405440346837265
557,5.061624588035458,4.485175908493868
558,5.159735353221441,4.5578783018060705
559,5.1991181499271395,4.620574996444085
