,Planar,Macroscopic
0,5.587801423667602,5.6241664831555545
1,5.336168677058402,5.551396520009174
2,5.123782260975598,5.47862639821637
3,4.982329611825223,5.405856381464911
4,4.932870833308619,5.333086205726907
5,4.932832046615454,5.2603161371708484
6,4.9328704165324435,5.187545910318743
7,4.9328318264040805,5.117525651436808
8,4.932869895497799,5.055361548832602
9,4.9328315183696585,5.004998966635231
10,4.932869264166903,4.9686136452884995
11,4.932831092474458,4.946205848444988
12,4.932868520522421,4.935599307179459
13,4.932830570223211,4.932849187002521
14,4.932867676255172,4.932848769654359
15,4.93282992219641,4.9328484590398185
16,4.932866693400146,4.932847991541764
17,4.932829149940548,4.932847630540715
18,4.932865639426445,4.932847111906265
19,4.932828333875201,4.932846701057946
20,4.932864518196075,4.9328461329907975
21,4.932827448640334,4.932845673174162
22,4.9328633210417,4.93284505579424
23,4.932826455553736,4.93284454556314
24,4.93286200156746,4.9328438776341015
25,4.932825328385206,4.932843316866436
26,4.932860560077693,4.932842597711042
27,4.932824123099919,4.9328419853244165
28,4.9328590389582185,4.932841211918014
29,4.9328228157750305,4.932840544436586
30,4.932857407683817,4.932839716603371
31,4.932821386063427,4.932838995251126
32,4.932855653532488,4.93283811396987
33,4.932819828378442,4.932837340054999
34,4.932853748603035,4.9328364049002715
35,4.932818126981278,4.932835577013922
36,4.932851718111192,4.932834586125299
37,4.932816319209489,4.932833700567912
38,4.9328496171982055,4.93283265113729
39,4.932814464299929,4.932831708082979
40,4.932847457979105,4.932830600858364
41,4.932812525086061,4.932829600494024
42,4.932845168782348,4.932828434773416
43,4.932810426430924,4.932827375928215
44,4.932842724082472,4.932826150776128
45,4.932808183066943,4.9328250328788945
46,4.93284014920704,4.932823746583856
47,4.932805840797433,4.932822565717969
48,4.932837477640746,4.932821213650658
49,4.932803379505308,4.932819966085452
50,4.9328346705615385,4.9328185444393835
51,4.932800769164832,4.932817226835492
52,4.932831695865492,4.932815733336129
53,4.932798004831071,4.932814343803177
54,4.932828564800491,4.9328127751304045
55,4.93279506362353,4.932811307350146
56,4.932825279986579,4.932809654157826
57,4.932792008126227,4.932808097821978
58,4.93282186834987,4.932806348989888
59,4.932788808216004,4.932804691023501
60,4.932818285793833,4.932802830619801
61,4.932785414837773,4.932801053615417
62,4.932814487972572,4.9327990612868735
63,4.93278176302231,4.932797139523416
64,4.932810391745274,4.932794986324779
65,4.932777826752146,4.932792888439738
66,4.932805998663124,4.932790534848911
67,4.932773536110328,4.932788212594852
68,4.932801183294959,4.932785602862339
69,4.932768783085913,4.932782991862079
70,4.932795833951698,4.932780050499884
71,4.93276341308883,4.932777061437474
72,4.932789807225037,4.9327736827072854
73,4.932757301692792,4.932770193180222
74,4.932782915351699,4.932766232568477
75,4.932750207553189,4.932762070568094
76,4.932774893164632,4.932757323664146
77,4.932741810211321,4.932752247924488
78,4.932765341274336,4.9327464289332115
79,4.9327316117143845,4.932740099695437
80,4.932753670829154,4.932732805032962
81,4.932718951535171,4.932724747609799
82,4.932739100733863,4.932715416208148
83,4.932702910745253,4.9327049666935
84,4.9327205543920725,4.932692809190666
85,4.932682172796497,4.932679025526805
86,4.932696441451968,4.932662917314623
87,4.932654856805969,4.932644462226719
88,4.932664530027161,4.932622814526233
89,4.932618379471896,4.932597806799546
90,4.932621841995325,4.932568386301986
91,4.932569210429093,4.932534169673698
92,4.932564080300713,4.932493808203243
93,4.932502101603693,4.9324465949737535
94,4.932484945345355,4.932390755043738
95,4.932409618629046,4.932325122515689
96,4.932375682665588,4.932247333578864
97,4.932281472633984,4.932155570802823
98,4.9322241018730875,4.9320466282143345
99,4.932103052225989,4.93191773004806
100,4.932012594265652,4.931764440467224
101,4.931853072614459,4.931582566849665
102,4.931715435651802,4.931365890135762
103,4.93150078729162,4.931108172207245
104,4.931296240589119,4.930800646955517
105,4.931003126837224,4.930434123844038
106,4.930703563434371,4.929996143595053
107,4.9302982124789345,4.929473150559515
108,4.929862629540294,4.928847211586211
109,4.92929548531303,4.928098280327279
110,4.928663899450462,4.927200355029538
111,4.927863178890395,4.926123854720333
112,4.926949490814267,4.924830986938555
113,4.925812202622405,4.923278135595779
114,4.9244920381838755,4.921410032587146
115,4.922867597994286,4.919162033639423
116,4.920957200353597,4.916452578026988
117,4.9186222895652225,4.9131853286948415
118,4.91584993890632,4.909239256791768
119,4.912476067048775,4.904470627619563
120,4.90844381557979,4.898699433647547
121,4.903549463121657,4.891710941209009
122,4.89767038643373,4.883236106691445
123,4.890539145778187,4.872952669113596
124,4.881933362410557,4.860455923157195
125,4.871487724500292,4.845261300957825
126,4.858833335284964,4.826758648166725
127,4.843460160213356,4.804223967524114
128,4.824782407954179,4.776735076089877
129,4.802070314996695,4.743435203482431
130,4.7744024694981295,4.703062248013873
131,4.740710326221125,4.653455350597995
132,4.69955061096866,4.592531124960037
133,4.649364398405619,4.518987861998516
134,4.58790945011378,4.43281933878033
135,4.512998037998235,4.3349768740373715
136,4.421049893090037,4.226137589678604
137,4.313078360114738,4.106699406640728
138,4.1817306171457655,3.977328701331269
139,4.010625309635861,3.8393303772527454
140,3.8010343249505114,3.694845065533406
141,3.56676041247081,3.546849769088931
142,3.3308999444831993,3.3988202490204227
143,3.1103233591270363,3.254121323229186
144,2.899726216827131,3.1155496321299396
145,2.6935728655315976,2.9851520499934363
146,2.496109712383909,2.863345088013694
147,2.3181004815832646,2.7487329837801107
148,2.173666858550014,2.640141655958976
149,2.076794990220584,2.5377844059907866
150,2.035019249735506,2.4424797239128657
151,2.0447837341633566,2.3541697229823093
152,2.0936190103273487,2.2713439251719083
153,2.1658415595411746,2.192277538708394
154,2.2285245774546754,2.1166601854198444
155,2.2500604839102443,2.046143873977272
156,2.227086716365345,1.9834720648066326
157,2.168194810208458,1.9306044607482538
158,2.0855500475479256,1.8883536023933354
159,1.977180395720805,1.8565159836160652
160,1.8400355838959805,1.8343647703218287
161,1.6871284027837745,1.8214193144256141
162,1.538613857633233,1.817876184232025
163,1.424279259565306,1.8243858942770845
164,1.3680171473123983,1.8426683944776039
165,1.3664836085324434,1.8752275768101763
166,1.413151408161483,1.923850984721689
167,1.5037178522297185,1.9882776240136328
168,1.6362974104392445,2.06638704436425
169,1.8117655280314984,2.1567078803127275
170,2.0298426668427423,2.2588577701768604
171,2.283016340352244,2.3719915561747307
172,2.557609581064025,2.4936867381579546
173,2.8361257658965484,2.619565404540782
174,3.102308058772569,2.743805368719704
175,3.327874317463455,2.8589339652206487
176,3.4915196138590323,2.956458067639372
177,3.602955442793399,3.028052793416274
178,3.678733601450375,3.0666114191751075
179,3.7235365507454348,3.0666571229555806
180,3.7291271333312674,3.025131292663433
181,3.690095254456196,2.9418350537340436
182,3.604336502533001,2.818904292252222
183,3.4387983455494533,2.659852620774
184,3.1685852516984894,2.4689451609028907
185,2.7924229162139684,2.251644426483306
186,2.3303526740982465,2.013735071155924
187,1.8125881960800052,1.7609182530288674
188,1.2823777215841006,1.499524353732781
189,0.7836840396232231,1.2374325300553553
190,0.34485587439123894,0.9837544213778657
191,-0.026804320711439872,0.7461518796118287
192,-0.33402621890740675,0.5291940900631307
193,-0.5835389020890674,0.33655557245665463
194,-0.790848782033852,0.1720010452871856
195,-0.9477472834936175,0.04016464831040181
196,-1.0263565858791883,-0.056074281016893
197,-0.99411627544823,-0.11549207649629732
198,-0.8370788228635416,-0.1380905139341281
199,-0.5867504973324731,-0.1252314746203228
200,-0.30090370934356053,-0.07964462399253565
201,-0.02869497136711184,-0.00470916139708033
202,0.20660376264804906,0.09589960240405104
203,0.41936777063185887,0.21834962211826023
204,0.5980519462069386,0.3594651696831073
205,0.7430678774507283,0.5159011513708636
206,0.875605847703146,0.6832047238227521
207,1.015146747271719,0.854667854316125
208,1.1654191856914082,1.0226770942020775
209,1.322034006006756,1.18162419090396
210,1.4769315295129573,1.3296790848114322
211,1.6205614527666974,1.4684107941075197
212,1.7492310741333965,1.599153786315006
213,1.8681003868859962,1.720542343155711
214,1.9851077182548036,1.831431984927065
215,2.0922200734324816,1.9315665345292727
216,2.187087495083603,2.021166599407846
217,2.2742972433014104,2.099101403349199
218,2.364084380990942,2.163806705599293
219,2.4684757959624632,2.2142035112753606
220,2.5599776223828,2.250058519118065
221,2.604361793764552,2.2721085975918753
222,2.594065498091309,2.2818540675162415
223,2.5454897702904624,2.281022240726907
224,2.4884070155174736,2.270281895203956
225,2.4179732182160696,2.2501579365895075
226,2.3301146261931036,2.2214160704901915
227,2.2291765081759785,2.1849983201311614
228,2.122321670681628,2.1417706738157873
229,2.0174628652952817,2.0920567976681355
230,1.924649532771986,2.0375878306470265
231,1.8531275046779696,1.9818558570418885
232,1.791781498841695,1.9277782540512232
233,1.729988818372404,1.8753832214209463
234,1.6697339052959204,1.8220300672754992
235,1.618777736838868,1.7661338226378345
236,1.585986747314211,1.7082517122171903
237,1.573626025304725,1.6507012010994426
238,1.579536216002836,1.5947432050942063
239,1.6011862688720722,1.539320323742986
240,1.620668644259326,1.4814907515439877
241,1.602379182945479,1.4161718414977182
242,1.5280502408994254,1.338889406913722
243,1.4118408147381103,1.2469339814474043
244,1.2882366386215074,1.1394764808580877
245,1.1932673080565197,1.016834110640226
246,1.1150777425873726,0.8799552255326816
247,1.019851000973317,0.7296056905858415
248,0.8837172331900149,0.5657237317590356
249,0.6773871238451201,0.38705248167006734
250,0.400697676329766,0.19341976939425645
251,0.07479115997868398,-0.011287849516572308
252,-0.2645011053117774,-0.2199474667730898
253,-0.588784927082637,-0.42572902942413443
254,-0.8778331846215921,-0.6239343842262633
255,-1.1326656037383998,-0.8123026008087555
256,-1.3703390428796696,-0.988749364097838
257,-1.614896232729357,-1.149995100332975
258,-1.8647201767052686,-1.2924900832821529
259,-2.082357957449438,-1.4127691859441207
260,-2.2278228697178886,-1.5079864742297013
261,-2.292227312980693,-1.5752743711713375
262,-2.2794597478168144,-1.6127821025764841
263,-2.197360590428339,-1.6193689428760398
264,-2.0609639966161133,-1.5953720301214664
265,-1.882572251259147,-1.5423899491251092
266,-1.681192459895186,-1.4617627818732795
267,-1.4876367240703037,-1.3538023743103833
268,-1.313213512810683,-1.219149770774853
269,-1.1363909849707656,-1.0605544335291988
270,-0.9396402706044161,-0.8829865847905284
271,-0.7073480524746388,-0.6913475255236606
272,-0.4458887550392739,-0.4891425495845902
273,-0.1789881458039678,-0.27947556563414694
274,0.08094996765326845,-0.0655647403561525
275,0.32839110340276945,0.14907189507760493
276,0.5590266869342757,0.3612905372647241
277,0.7723581129723436,0.569685718533605
278,0.9683984075781779,0.7742905167866131
279,1.1572757538229208,0.974158472744649
280,1.3602298190864583,1.1671018127779516
281,1.576645120679637,1.3500230175819636
282,1.789430858387788,1.5200810426260192
283,1.9808871865484836,1.675708504432283
284,2.138743099472959,1.8160043782021222
285,2.2634765387695532,1.9404037530032308
286,2.3696728557434623,2.048566156225824
287,2.461232222273877,2.1401288896534405
288,2.5333398499950333,2.2147609224166263
289,2.5852336339975768,2.2716046141895743
290,2.6151556957537205,2.3083563453948557
291,2.6223061667087846,2.3224796335370432
292,2.606275695510374,2.312575180954841
293,2.567579849822722,2.2777421863627256
294,2.505949944940959,2.216809106341112
295,2.42048731466944,2.127757768194616
296,2.311774997315523,2.0064317681345227
297,2.180462205735986,1.8461395507638256
298,2.021760980781533,1.639730939535152
299,1.8308643072390056,1.3802272976900456
300,1.6111507119081523,1.0616600926458424
301,1.3538932838904092,0.6797853488803898
302,1.0419476590839154,0.23227449333088293
303,0.6605524521326137,-0.28146524597554545
304,0.18580485466178095,-0.8605216599575773
305,-0.42402769039866933,-1.5024641921922413
306,-1.1820151521210942,-2.2035348383301585
307,-2.0858319192143306,-2.958678297494095
308,-3.1190539950419365,-3.7613146003890443
309,-4.251439221069367,-4.603433194748839
310,-5.448919704380748,-5.476198833096571
311,-6.679735457692992,-6.3694463376598485
312,-7.917065506735615,-7.27138871439089
313,-9.134478265554508,-8.168933713747593
314,-10.307496633166991,-9.04734659430006
315,-11.412120059214867,-9.889448623245338
316,-12.425692471327569,-10.677375638289728
317,-13.327270391237288,-11.393633037617153
318,-14.098630778351039,-12.022047831089857
319,-14.724561798248564,-12.548752575294834
320,-15.193015122074852,-12.962568482929283
321,-15.495257536288046,-13.25510096623011
322,-15.625626995282625,-13.420613195659898
323,-15.58186421141367,-13.456211531405664
324,-15.364701422920133,-13.36185548678411
325,-14.978465107107965,-13.14053481751511
326,-14.430520277550634,-12.798155039789094
327,-13.732124616758917,-12.343547387258276
328,-12.89760604180083,-11.788527212654058
329,-11.945320157107911,-11.147289948815063
330,-10.896285636471756,-10.435343658032213
331,-9.775248308978288,-9.670459022705138
332,-8.609087829978984,-8.872949501024776
333,-7.428348012372882,-8.064739365055226
334,-6.26285647225929,-7.269084802704506
335,-5.144332645682546,-6.509860090062017
336,-4.108267635475172,-5.810176750520911
337,-3.1822910491466234,-5.18990616612379
338,-2.377981887983564,-4.665602534245973
339,-1.7273341004006917,-4.251009307683446
340,-1.270455605036118,-3.956806447374915
341,-1.0340817639617856,-3.790380860842246
342,-1.042919300607152,-3.756094413775959
343,-1.3124202795431517,-3.8549026384193876
344,-1.8362201658107329,-4.084424494989168
345,-2.567254097610724,-4.4389052653376355
346,-3.4601406680001383,-4.9091450970505015
347,-4.482642078982433,-5.483086751699644
348,-5.600634150918192,-6.146897144638016
349,-6.7795877513902445,-6.884034741432879
350,-7.991931782785832,-7.674988027789023
351,-9.206896055954575,-8.498223602487563
352,-10.394249890515333,-9.330463564316933
353,-11.524986511954998,-10.147404277882863
354,-12.57258460630673,-10.925072775548685
355,-13.513240832831205,-11.642302423192621
356,-14.326568960874269,-12.280771999955297
357,-14.995810842708215,-12.824513985692835
358,-15.507614759446705,-13.260149530374425
359,-15.852322108535498,-13.577186682409213
360,-16.023238613535817,-13.767755523757437
361,-16.017353123729922,-13.827079247825894
362,-15.83425312379548,-13.75348654640836
363,-15.477387755201594,-13.54856213343189
364,-14.952593049728273,-13.216870223819287
365,-14.269997822258148,-12.766025374450308
366,-13.442073955186808,-12.206464340528507
367,-12.486256488016394,-11.551739514932464
368,-11.422170927053891,-10.818189056128094
369,-10.274723089186834,-10.02533823840336
370,-9.069581264999739,-9.193400367908922
371,-7.836347078378484,-8.342215401415674
372,-6.602130233279891,-7.491780925311419
373,-5.398033544189619,-6.6624481711636
374,-4.254470350281884,-5.873942444884507
375,-3.210763981979407,-5.148118779959706
376,-2.3037065009680475,-4.507553771256125
377,-1.5810073894902748,-3.9689498015912315
378,-1.048356944635905,-3.546842021060291
379,-0.696023726851459,-3.2516953597667264
380,-0.5264325539188773,-3.0906811215981302
381,-0.5493981805408662,-3.0674026944753394
382,-0.7594899767045833,-3.182676632303098
383,-1.2051718536117466,-3.4337291971365937
384,-1.9119037985223433,-3.8146376108757902
385,-2.7913850340483206,-4.31548624494257
386,-3.8242308774969533,-4.923081227800978
387,-4.962083185902678,-5.6201618468998555
388,-6.171324977964999,-6.388331834027679
389,-7.417335390168264,-7.208756717805084
390,-8.677061114179553,-8.062048232671117
391,-9.91697971119253,-8.927681620599905
392,-11.110821797587414,-9.785374289212125
393,-12.226039395181445,-10.611911673159716
394,-13.240416192419394,-11.382950648811615
395,-14.12845853327008,-12.079159662966356
396,-14.875416712936728,-12.682929065040732
397,-15.463671634844754,-13.179808777502227
398,-15.885679821507477,-13.558261939579797
399,-16.130799163259077,-13.809559194046857
400,-16.197958011724534,-13.927743407623256
401,-16.08284476466836,-13.910015907655684
402,-15.790605360256569,-13.756897162810667
403,-15.323147288833662,-13.472192626786313
404,-14.692080114835715,-13.062790938068012
405,-13.905918010209604,-12.538303892128157
406,-12.983481895361203,-11.911257486447038
407,-11.94068597057535,-11.197410836837204
408,-10.80437695855473,-10.415080813360145
409,-9.59788471177626,-9.583043800295464
410,-8.354684390377027,-8.725855528282402
411,-7.1013577467431,-7.866618184565614
412,-5.871185795489976,-7.027231924114287
413,-4.687691706352724,-6.229441496331359
414,-3.58858141067658,-5.497279779099099
415,-2.614431941867722,-4.850609926093611
416,-1.8037393989204134,-4.305486609977903
417,-1.154132928094828,-3.8769960087176307
418,-0.7685691154894116,-3.5756374695052853
419,-0.6165725777661565,-3.4088708861111234
420,-0.6816526721327021,-3.3804083520135446
421,-0.9629195887409441,-3.4911364875590434
422,-1.513169204655026,-3.738235495392056
423,-2.265860656110852,-4.11604305589119
424,-3.171262205278454,-4.615110792990698
425,-4.2278551478904305,-5.222455390069917
426,-5.379923252732519,-5.921706079908085
427,-6.596086210681363,-6.695747165835909
428,-7.8423587766206015,-7.520950241802505
429,-9.094464186562082,-8.374883118158785
430,-10.3189679364842,-9.235639081117913
431,-11.488227795337133,-10.081204481932291
432,-12.57180067846771,-10.886610702604285
433,-13.546634689293679,-11.630756008189154
434,-14.39025181600742,-12.295645414659889
435,-15.086872474795681,-12.863877747973076
436,-15.622224482888141,-13.3218844746185
437,-15.98736435217918,-13.65872921783178
438,-16.175260005396996,-13.866544480258685
439,-16.183096803399724,-13.940111086640625
440,-16.010481176750954,-13.877680656374041
441,-15.66047615663847,-13.68062195932146
442,-15.139271521751695,-13.353770176621202
443,-14.456037147527775,-12.904680954881304
444,-13.624044332350199,-12.343894740617625
445,-12.659291588520384,-11.684670681298655
446,-11.58303350030487,-10.943708811690355
447,-10.418663101437037,-10.13902501969241
448,-9.195220191685705,-9.29251633313744
449,-7.9411712483906145,-8.428908433585358
450,-6.688468589863112,-7.569130154972673
451,-5.463028697975516,-6.734512439054475
452,-4.29609995926121,-5.946306848482817
453,-3.2208394070542385,-5.224634538254881
454,-2.2849108299387266,-4.588272888257517
455,-1.5030560962161827,-4.055071188531946
456,-0.9381036474075461,-3.639023265747563
457,-0.6381546114622189,-3.35091303345558
458,-0.5344721617226139,-3.1976600753670428
459,-0.6373572701109053,-3.182914882848527
460,-0.9515708914618507,-3.306815671897662
461,-1.4659355634249047,-3.5665552536162752
462,-2.169534632397665,-3.9558733727688824
463,-3.0616609934600953,-4.465222971691126
464,-4.0941708901860006,-5.080952316773263
465,-5.232678920181341,-5.787493386757795
466,-6.436666946092031,-6.564754155032421
467,-7.675757783057319,-7.389277906729567
468,-8.918682792747543,-8.240803614366767
469,-10.138341168910564,-9.09817714385453
470,-11.303826104008126,-9.93973020425949
471,-12.389132187654619,-10.744441304767967
472,-13.368039041417196,-11.492004025554898
473,-14.220795355937767,-12.16252146615487
474,-14.928797476350832,-12.73924576175446
475,-15.479582142010821,-13.208074302506088
476,-15.861934899192232,-13.55802632187676
477,-16.070080800890647,-13.780943472835396
478,-16.09952597875114,-13.871691557066448
479,-15.950735372577466,-13.828147271298471
480,-15.625663606562425,-13.65148417047702
481,-15.130974924259581,-13.345970056371648
482,-14.475208210978614,-12.91891645432928
483,-13.671592653710626,-12.380366412495505
484,-12.735803294764102,-11.743445752697092
485,-11.688266500312793,-11.024084061611664
486,-10.552148308906464,-10.24106502713615
487,-9.354544025087009,-9.414985017286371
488,-8.123890289221967,-8.568904287518379
489,-6.889878133757961,-7.7260378064616315
490,-5.681074204654526,-6.908278576464924
491,-4.526894602929871,-6.137038860797613
492,-3.464225599979412,-5.433545379781664
493,-2.5310717024730987,-4.816210310239098
494,-1.7675922786330078,-4.300639906811325
495,-1.2006406235946305,-3.900478374455586
496,-0.8700728429272848,-3.625762638432699
497,-0.7791387135560204,-3.4831659142701716
498,-0.9059974666216624,-3.475991592745127
499,-1.2486600422479899,-3.604310583808699
500,-1.8123255526915354,-3.8649038504446147
501,-2.559561401944441,-4.251401136610753
502,-3.45553603306418,-4.7538463907676185
503,-4.48535891790948,-5.3589107599505015
504,-5.607265060494506,-6.049862883851525
505,-6.787802990161507,-6.80761309230494
506,-7.994752501771177,-7.610107951878307
507,-9.199619972902255,-8.434646877245125
508,-10.371753004100995,-9.259392199683266
509,-11.483845753920388,-10.062521754705813
510,-12.508240174802983,-10.821946737188798
511,-13.422230347764991,-11.517914387645764
512,-14.204730508851421,-12.1329882324786
513,-14.840144375756102,-12.651158361936345
514,-15.314980315247892,-13.059471986524397
515,-15.620839370158752,-13.347771106003442
516,-15.751413270508174,-13.508767255460207
517,-15.70499203265384,-13.537989610731891
518,-15.481975237385262,-13.43403339357334
519,-15.086979110169803,-13.198447221863837
520,-14.526865240055225,-12.835779290234774
521,-13.812421248148897,-12.353171616113793
522,-12.956910303079463,-11.760690182123364
523,-11.977187140784334,-11.070805124785599
524,-10.892683191992955,-10.29833281378874
525,-9.725622367792553,-9.46031174831338
526,-8.500541095247106,-8.575973795195617
527,-7.243294663149324,-7.664755318505609
528,-5.980217405479838,-6.743494819624577
529,-4.735292213587346,-5.8272383027577845
530,-3.5400646970236904,-4.928388422078552
531,-2.422213343676303,-4.05705996304604
532,-1.4104787173044389,-3.222013925132469
533,-0.5364601916022217,-2.431639292032021
534,0.16666988561149443,-1.6931255872882371
535,0.6969405477663441,-1.0125017268982854
536,1.1007137424732574,-0.3943109639398517
537,1.4056381934324622,0.15839182769363294
538,1.6524326121709754,0.6441717771884602
539,1.8714910144363046,1.0629333330636206
540,2.0739183793648213,1.4164381148239675
541,2.2495562550237307,1.7079499892042895
542,2.4005634933951625,1.9423724773236595
543,2.5256071192265686,2.1262960838335645
544,2.6268926380047106,2.2682722337081334
545,2.705355586253398,2.3769699033202087
546,2.7638216854270574,2.458510595015836
547,2.8024157921655397,2.5175285013025563
548,2.8230213746625545,2.5566195300934345
549,2.8250003951694906,2.576738750530914
550,2.8091260688442152,2.5781774403316535
551,2.774164725576074,2.561917240915425
552,2.7222405833537313,2.5289004846812237
553,2.653498600783709,2.4793867079310035
554,2.5684461929945526,2.4137159217725435
555,2.467960506593428,2.3325847296557427
556,2.35607113040678,2.236586279821958
557,2.2336369823109368,2.1267881521900764
558,2.099814795778129,2.0050828949343775
559,1.956872665531612,1.8739183863813667
560,1.8062618811795383,1.7357345124771102
561,1.6343591377226014,1.5923755646509505
562,1.4448184871524317,1.4455170459016369
563,1.2449941281509829,1.295678029441839
564,1.0358495884189234,1.1396182294034285
565,0.8260494947916752,0.9718426450743861
566,0.6323267440599807,0.7887499207438421
567,0.46403924121529705,0.5915279351518418
568,0.32181633856760117,0.38624031993031405
569,0.19370366470520192,0.18134247049455984
570,0.07878724586608606,-0.015119222466143513
571,-0.04360369549264897,-0.19683509226295845
572,-0.24063020769683965,-0.3605822845029292
573,-0.5520000113293339,-0.5059380178238329
574,-0.9395979075430154,-0.6334428215180267
575,-1.3163587583450695,-0.7420247981639334
576,-1.59536227820937,-0.8281735134613475
577,-1.731288624311963,-0.8882162482035492
578,-1.730048592113125,-0.9194517037444734
579,-1.6365265186200662,-0.9211138847632443
580,-1.5026309731670429,-0.8968996660542019
581,-1.3714090716252818,-0.8529400019210883
582,-1.2592368780765653,-0.7923697042963346
583,-1.1284260848346457,-0.7128012288660154
584,-0.9183501312934735,-0.609609641372487
585,-0.6167299841443329,-0.4819523496377175
586,-0.24042186116903597,-0.33415442003581214
587,0.16378440636732705,-0.17329063442156595
588,0.5146431826288472,-0.006036767380635102
589,0.7476702589033934,0.16387197875201648
590,0.8496351495487303,0.33617071442102087
591,0.8802325464164136,0.5132679824143587
592,0.917850667340495,0.6982858589710156
593,0.9814724928807821,0.8913856231468998
594,1.0650004546249248,1.0880043362640288
595,1.1642595167444703,1.2813811373252466
596,1.2805210146236263,1.4648788171612592
597,1.4218309117676629,1.6343239223461363
598,1.5987462688750373,1.78890847002202
599,1.8163417522547987,1.9314298374869512
600,2.07108489994326,2.066790824780857
601,2.347369670331271,2.197584520400584
602,2.6207867048148445,2.3232258376509147
603,2.8640524349575895,2.4428168163176758
604,3.06253637587919,2.55592962695942
605,3.213796299695117,2.6619354347789033
606,3.2971650407947535,2.7594774789666334
607,3.3130548732721596,2.84616986018246
608,3.2861329208390333,2.918890310684615
609,3.2345190675715036,2.97358046492163
610,3.17939437784644,3.006192322501425
611,3.134110108882487,3.014219545566206
612,3.1010310461763075,2.996431659810432
613,3.072364057495176,2.9530363071818595
614,3.0362778100027654,2.885112204347409
615,2.982293773652542,2.793366652944909
616,2.907714377913835,2.6799423225154624
617,2.800764528521056,2.548468528493942
618,2.658098336379574,2.403056184300593
619,2.491859685497335,2.247758780358245
620,2.300604761210916,2.0857315833214054
621,2.0829360876432856,1.9187707012802706
622,1.8399025248590788,1.7476334673683607
623,1.562376374450118,1.5728316892721779
624,1.2555270930647133,1.3960468964962287
625,0.9465265808848022,1.2203739523042332
626,0.6687107253587443,1.0487957198473614
627,0.4391657966092315,0.8843447196810044
628,0.26290483118332764,0.7298101127572306
629,0.12881423214207058,0.5860506534534983
630,0.0205608357619277,0.4518449431230618
631,-0.07406794823611544,0.325515703878224
632,-0.14584845996431892,0.20744218788838012
633,-0.1798192218033797,0.10059405670652145
634,-0.18069380630985343,0.010120004938343495
635,-0.1593534744733753,-0.05857006408341982
636,-0.12352458824835647,-0.10330396000116585
637,-0.09581058196984665,-0.12537502474572076
638,-0.11509802473694193,-0.12803117103562336
639,-0.19099021876379352,-0.11420912851111363
640,-0.28542076295811025,-0.08417923241912463
641,-0.3608899868233396,-0.03558246425748943
642,-0.37300583876249,0.034306091971419955
643,-0.2898946615069374,0.12645748897484999
644,-0.13649940116068382,0.2399496656409076
645,0.041886631207242814,0.3727123208160429
646,0.21509419796508092,0.522105135092303
647,0.37761099758324607,0.685624415484441
648,0.5610989654177299,0.8632727880864188
649,0.8006738786733184,1.0571816133955572
650,1.1121455521560497,1.2683254072536445
651,1.4789059242583602,1.4951599936164783
652,1.8621653736791837,1.7326381348375357
653,2.23037431867906,1.9729198063896929
654,2.5655460687243274,2.209002570406178
655,2.847536465088636,2.4366145699517126
656,3.082572682098659,2.6542507576710936
657,3.299368636800695,2.860192245576654
658,3.515167526487466,3.0501355551990446
659,3.722132567707672,3.2184412184593802
660,3.901600703216538,3.35961586672005
661,4.035175426431896,3.4694008164889145
662,4.112990351136046,3.5462546005917543
663,4.13890262302686,3.591202506382001
664,4.132545576913938,3.6071652911189855
665,4.084557779883342,3.5985681849926703
666,3.9800785386207513,3.5694581336195546
667,3.8301758173593594,3.5217150055752153
668,3.653289220848109,3.456208190236288
669,3.4550350200979225,3.3734722864106836
670,3.2455334875303,3.272047419593942
671,3.039436622903497,3.150229816415608
672,2.852876193990045,3.008443748234091
673,2.69278855481497,2.8492777566500846
674,2.5585917573825823,2.675742908662623
675,2.43999233200258,2.4926692494863407
676,2.3360448503867755,2.306405229855877
677,2.2328862988467955,2.122850948140817
678,2.0759531005151826,1.945802061143481
679,1.842458569221884,1.7779001035928745
680,1.5608411238687425,1.622002709315085
681,1.2739147745147474,1.4816314084579272
682,1.0089183131396215,1.3604604744644557
683,0.789231914710263,1.2617644783536148
684,0.6273261852724,1.1875659094762865
685,0.5261987464882816,1.1387747217338473
686,0.46640925489606244,1.114242616399223
687,0.43279978418700865,1.1118730525207838
688,0.43938039053009625,1.1317805899142739
689,0.5127532074746568,1.1765520170163233
690,0.6717993821075585,1.2484591459696033
691,0.916260624819833,1.346107062848275
692,1.2230175175906646,1.4660170704961064
693,1.5617509526386746,1.6044976332662695
694,1.8944669543635408,1.757592126337469
695,2.190234149034894,1.9207269797257231
696,2.4342887735980008,2.0911026128970147
697,2.6483442570587745,2.267751028305157
698,2.855169445027779,2.449741005892555
699,3.0315772783308357,2.634767068890616
700,3.1672984508005912,2.8189431653449772
701,3.281882044573197,2.997551513311708
702,3.383027060553994,3.166622742704922
703,3.462626107476859,3.32406356838035
704,3.533170651979302,3.470048415204692
705,3.6124712615335692,3.606530907889871
706,3.715199987103262,3.73690648391407
707,3.843222341439755,3.863774598693417
708,3.9869691182860523,3.9886055668437157
709,4.131210888220993,4.113730813251693
710,4.266299646668512,4.241301504912803
711,4.3956858147963835,4.371308784087057
712,4.522194197201717,4.502612959549214
713,4.64691901736811,4.63445571244539
714,4.781049142033573,4.766309732233864
715,4.931970323087014,4.897173429091608
716,5.102126871733156,5.025112720218143
717,5.283831713674415,5.148211887636219
718,5.463570900700588,5.265176796837855
719,5.622013069709765,5.37563786416382
720,5.7465022188728545,5.479828320314478
721,5.835795659607991,5.577836226110413
722,5.906543008171853,5.669641426382338
723,5.968017804972953,5.755189026071924
724,6.018107227380885,5.833838791715101
725,6.059007354965114,5.904553325082109
726,6.0923374839154985,5.966187538131075
727,6.119510100088356,6.018028244430125
728,6.141727857380375,6.060135624390528
729,6.159828119123212,6.093643092836021
730,6.174687802096373,6.12040599770394
731,6.186775811780649,6.142344315074805
732,6.196744923610782,6.160469421923121
733,6.204831923693152,6.175270743914969
734,6.211542706614556,6.18736988645635
735,6.216964427057301,6.197258159784135
736,6.2215037399878526,6.205350627843808
737,6.225147501728609,6.211974543549106
738,6.228234506495406,6.217403293685776
739,6.230685372283565,6.221853707592768
740,6.232794931441527,6.225506336661841
741,6.234441600826225,6.228505218802445
742,6.235891793125738,6.230970227227665
743,6.236996274865249,6.2329973479625345
744,6.2380019089896015,6.2346663087899294
745,6.238740582783739,6.23604108417353
746,6.239445359840451,6.237174706866037
747,6.239935569449042,6.23810992479844
748,6.240435125339702,6.238882166470163
749,6.240755690311511,6.239520208615845
750,6.241115075264757,6.2400478410921565
751,6.241320096920802,6.240484534329129
752,6.241584001507648,6.240846253822772
753,6.2417103839620935,6.2411461887441995
754,6.241908948453004,6.241395019596357
755,6.241981424511848,6.241601722476165
756,6.242134856586412,6.241773453631536
757,6.242170130905872,6.241916398725608
758,6.242292316015105,6.24203536230177
759,6.2423020790917185,6.242134649387066
760,6.242402744011331,6.242217452960065
761,6.242395103450936,6.242286785836651
762,6.242480864328472,6.242344732999026
763,6.242461234620266,6.242393431402753
764,6.24253652063714,6.242434222961434
765,6.242508581142332,6.242468660548086
766,6.242576469710634,6.242497585580129
767,6.242542857846838,6.242522157707161
768,6.242605539578732,6.242542870596676
769,6.242568088699341,6.242560606240292
770,6.242627050430385,6.24257561383799
771,6.242586955229197,6.242588585656446
772,6.242643196509235,6.242599606866864
773,6.242601301071587,6.242609243367181
774,6.242655507163183,6.242617469840316
775,6.242612429192473,6.2426247673241715
776,6.242665148026374,6.242631032196889
777,6.242621320676795,6.242636683615277
778,6.242672880769905,6.242641561120918
779,6.242628596183122,6.242646040266072
780,6.242679246115994,6.24264992567828
781,6.242634691625989,6.242653564949027
782,6.242684597153565,6.242656735538193
783,6.24263993585173,6.242659766623358
784,6.242689237419549,6.242662418609282
785,6.242644583377812,6.242665005427297
786,6.242693334680261,6.2426672748662115
787,6.242648713312137,6.242669531049156
788,6.242696987850105,6.242671512999439
789,6.242652462102672,6.242673517296412
790,6.242700267114215,6.2426752767703135
791,6.24265586060458,6.242677083494535
792,6.2427032429097835,6.242678666843588
793,6.242658991916771,6.242680314592913
794,6.242705997926823,6.242681754079407
795,6.242661931969811,6.242683271160505
796,6.242708555874987,6.242684592153786
797,6.242664673528631,6.242686000041948
798,6.242710916646236,6.242687219253889
799,6.2426672126619795,6.2426885311143785
800,6.242713097436504,6.242689660175023
801,6.242669595339562,6.242690886260876
802,6.24271514817646,6.242691933869724
803,6.242671890837571,6.24269308142408
804,6.242717112559301,6.24269405276697
805,6.242674055299048,6.242695125341076
806,6.2427189336650395,6.242696025837323
807,6.242676075591524,6.242697030458743
808,6.242720590205807,6.2426978644540005
809,6.242677930149916,6.242698803660207
810,6.242722099869054,6.242699574032435
811,6.242679647895189,6.242700449817546
812,6.242723482098834,6.242701157252266
813,6.242681238303723,6.242701969201537
814,6.2427247648074555,6.242702614512151
815,6.242682756714171,6.24270336755016
816,6.242725928560891,6.242703956022229
817,6.242684118373664,6.242704652343805
818,6.242726964136629,6.242705185590765
819,6.242685359471584,6.242705826808703
820,6.242727882001392,6.242706305986057
821,6.242686505924479,6.2427068933111
822,6.242728728150328,6.242707319182796
823,6.2426876099832,6.24270785344395
824,6.242729526162274,6.242708225201168
825,6.242688609379877,6.242708705050421
826,6.2427301886511,6.242709024786287
827,6.2426894720727955,6.242709451778433
828,6.242730725061428,6.242709718192679
829,6.242690219745962,6.239960230559325
830,6.242731147789351,6.229354267130129
831,6.242690855004511,6.206946996217282
832,6.2427314564373795,6.1705621459682405
833,6.24269139400072,6.120199983027975
834,6.242731683806497,6.05803624607316
835,6.242691804232276,5.988016301764568
836,6.242731759593062,5.915246337578875
837,6.193194582071236,5.842476480609022
838,6.051820540275856,5.769706463468523
839,5.839355629493226,5.6969365527273075
