    #         X           Y           Z       CHARGE      MIN DIST   ATOMIC VOL
 --------------------------------------------------------------------------------
    1    7.103760    1.182622    9.922753   11.056022     1.167120    15.814163
    2    9.518843    1.146116    9.883431   10.975454     1.174284    15.289356
    3    1.876740    1.048357    9.976808   11.024954     1.153062    16.329314
    4    4.531339    1.057384    9.880599   11.015484     1.176900    17.127442
    5    8.420792    3.413152    9.827749   10.984148     1.122695    17.131750
    6    0.658526    3.297206    9.986420   11.023215     1.143485    15.082286
    7    3.161891    3.208360    9.953848   10.963193     1.157641    14.985286
    8    5.880739    3.335152    9.810846   10.887178     1.138183    14.122690
    9    9.652635    5.546776    9.997297   10.968782     1.139367    13.970730
   10    1.939195    5.465632    9.938210   10.966939     1.170346    15.704389
   11    4.413264    5.476512    9.967256   10.973622     1.149464    15.674531
   12    7.140387    5.419053    9.908229   10.994610     1.110711    16.094169
   13    0.738767    7.681628    9.910248   11.035348     1.150994    16.915024
   14    3.196531    7.646949    9.941012   11.061523     1.128701    16.796189
   15    5.793532    7.609933    9.939023   11.025459     1.176072    16.423937
   16    8.437950    7.644393    9.946918   11.021270     1.118736    17.256824
   17    5.665885    1.909880   12.000896   10.986477     1.155281    11.685971
   18    8.195585    1.913489   12.027412   10.966530     1.143456    11.501777
   19    0.631482    1.941934   12.040790   10.973487     1.140414    11.177356
   20    3.059331    1.790702   12.006109   10.975621     1.115260    11.234397
   21    6.957840    4.086824   11.828607   10.968397     1.090637    11.424237
   22    9.582382    4.038050   12.038289   10.978088     1.137880    11.077386
   23    1.876264    4.126017   12.013702   10.972240     1.141355    11.041735
   24    4.348782    4.061883   11.940815   10.980387     1.137042    11.740636
   25    8.366825    6.196622   11.985891   10.977675     1.134242    11.247915
   26    0.746545    6.236570   11.981793   10.965915     1.126570    10.921712
   27    3.163646    6.381277   11.963413   10.972775     1.116585    11.287279
   28    5.853482    6.199862   12.074296   10.980172     1.109812    11.717463
   29    9.489963    8.335330   11.967692   10.973339     1.101557    11.485437
   30    1.836544    8.541176   12.092887   10.983183     1.099495    11.023167
   31    4.365382    8.470078   11.946811   10.980208     1.142755    11.551539
   32    6.976600    8.549369   11.930390   10.973722     1.154802    11.725336
   33    5.703962    0.365912   14.030589   10.964770     1.181338    11.424237
   34    8.239056    0.365912   14.030589   10.992143     1.176264    11.500143
   35    0.633774    0.365912   14.030589   11.016695     1.103243    11.433446
   36    3.168868    0.365912   14.030589   10.992550     1.132976    11.282080
   37    6.971509    2.561368   14.030589   10.969781     1.128471    11.385021
   38    9.506603    2.561368   14.030589   11.025312     1.132976    11.420374
   39    1.901321    2.561368   14.030589   10.985371     1.132976    11.286090
   40    4.436415    2.561368   14.030589   11.001261     1.146164    11.518116
   41    8.239056    4.756824   14.030589   10.964282     1.169372    11.395568
   42    0.633774    4.756824   14.030589   11.016206     1.128471    11.379525
   43    3.168868    4.756824   14.030589   10.995933     1.161556    11.496578
   44    5.703962    4.756824   14.030589   10.992690     1.144497    11.531783
   45    9.506603    6.952280   14.030589   10.992644     1.151540    11.389774
   46    1.901321    6.952280   14.030589   10.992818     1.148670    11.324860
   47    4.436415    6.952280   14.030589   10.994953     1.165764    11.515740
   48    6.971509    6.952280   14.030589   10.997647     1.102030    11.494498
   49    6.971509    1.097728   16.100507   10.964506     1.190145    11.860214
   50    9.506603    1.097728   16.100507   11.003211     1.188636    11.790547
   51    1.901321    1.097728   16.100507   11.017728     1.172798    11.620612
   52    4.436415    1.097728   16.100507   10.997728     1.143304    11.494349
   53    8.239056    3.293184   16.100507   11.001212     1.135380    11.695775
   54    0.633774    3.293184   16.100507   11.006189     1.106900    11.448004
   55    3.168868    3.293184   16.100507   11.001403     1.133627    11.605015
   56    5.703962    3.293184   16.100507   11.008315     1.122907    11.570255
   57    9.506603    5.488640   16.100507   10.994878     1.158484    11.521236
   58    1.901321    5.488640   16.100507   10.998446     1.146089    11.451866
   59    4.436415    5.488640   16.100507   10.994025     1.151738    11.601895
   60    6.971509    5.488640   16.100507   10.990254     1.151738    11.550945
   61    0.633774    7.684096   16.100507   11.019638     1.151563    11.536239
   62    3.168868    7.684096   16.100507   11.000252     1.148694    11.433149
   63    5.703962    7.684096   16.100507   10.962879     1.161579    11.531337
   64    8.239056    7.684096   16.100507   10.995548     1.169050    11.713898
   65    5.563599    1.763083   18.207185   10.991902     1.121259    11.569216
   66    8.098196    1.790350   18.453507   10.983667     1.068744    11.885763
   67    0.625387    1.872891   18.160693   10.971512     1.136990    11.573078
   68    3.061278    1.752580   18.307914   10.972732     1.075534    11.264106
   69    6.829574    3.950451   18.128302   10.982436     1.127340    11.880861
   70    9.277208    4.066327   18.162712   10.988121     1.139345    11.810897
   71    1.703675    4.024359   18.079791   10.986102     1.100541    11.648984
   72    4.260682    3.936971   18.177115   10.992349     1.137248    11.657897
   73    8.055952    6.222669   18.197092   10.978305     1.146362    11.785793
   74    0.461478    6.298430   18.166207   10.983754     1.132832    11.447112
   75    2.974396    6.285301   18.150087   10.986526     1.143382    11.598479
   76    5.520097    6.221712   18.199201   10.973009     1.087748    11.704242
   77    9.417652    8.456642   18.162712   10.992394     1.136394    11.608134
   78    1.792717    8.444558   18.139390   10.971395     1.121357    11.096102
   79    4.401076    8.466074   18.087294   10.991422     1.126584    11.348182
   80    6.907047    8.367972   18.418887   10.970021     1.150006    11.900618
   81    5.359301    0.341262   20.249594   11.050578     1.133617    17.131601
   82    8.218776    0.397281   20.444512   10.981293     1.129579    17.188642
   83    0.398091    0.387718   20.229496   11.018860     1.137703    15.950081
   84    2.830686    0.416153   20.179207   11.056231     1.085814    17.080502
   85    6.744213    2.588627   20.420196   11.024688     1.156447    17.037721
   86    9.375478    2.548222   20.223410   11.056344     1.076989    15.200824
   87    1.807968    2.593492   20.369305   11.034824     1.135498    16.740485
   88    4.340000    2.658162   20.260592   11.036389     1.152982    16.300942
   89    7.967031    4.923696   20.368612   11.026388     1.146262    16.717163
   90    0.422935    4.828361   20.221813   11.040826     1.179055    17.127294
   91    3.013193    4.733728   20.124098   11.075245     1.146429    14.982167
   92    5.495689    5.030062   20.189090   11.043063     1.100088    16.371055
   93    9.251968    6.978872   20.285600   11.005850     1.149826    14.876998
   94    1.636261    7.007729   20.177791   11.039488     1.140426    16.197110
   95    4.196473    6.996971   20.264298   11.012285     1.102827    15.501923
   96    6.677722    7.123218   20.569586   11.018472     1.132994    17.092683
   97    8.297637    3.199851   23.278586    7.281972     0.733974    20.627886
   98    8.706467    7.261462    1.479378    7.296330     0.738135    27.300640
   99    1.458217    8.476234   23.815492    7.298157     0.748503    24.907890
  100    4.982282    2.651540   23.648988    7.282732     0.713119    22.310743
  101    7.341684    2.713513   27.468108    7.320646     0.747188    22.907297
  102    3.068427    3.035411   25.433202    7.338429     0.701885    25.425418
  103    0.182314    5.127900    1.809645    7.347531     0.705901    23.693690
  104    5.857214    6.130934   29.676689    7.261821     0.747243    23.230529
  105    6.444007    5.084676   24.096314    7.332650     0.680873    22.146156
  106    4.543467    7.484661   23.738387    7.269945     0.691994    22.107386
  107    8.271272    7.006227   28.379906    7.306975     0.715811    23.422448
  108    9.163778    8.665640   26.102294    7.331659     0.691964    24.811782
  109    8.003069    0.447083    5.056033    7.346444     0.732733    25.052423
  110    3.652848    8.436321   26.009098    7.341453     0.745725    21.585402
  111    8.945922    2.596952   29.716613    7.312485     0.741046    26.548263
  112    6.117081    8.691213   27.250591    7.332090     0.749900    25.306879
  113    3.096597    8.586147    1.098400    7.247107     0.708831    24.577379
  114   10.032098    0.757994    1.285966    7.368571     0.729415    25.930171
  115    0.801668    3.120349   23.417189    7.207825     0.714932    21.549900
  116    2.774367    1.322051    5.587697    7.394688     0.689209    24.540391
  117    1.332770    4.287980   28.951011    7.375247     0.683519    24.908781
  118    5.850825    6.982138    2.175347    7.331111     0.757705    24.773457
  119   10.064121    5.609373   24.704601    7.298050     0.688650    22.556584
  120    8.666828    7.244882   23.241404    7.274762     0.727863    20.477856
  121    6.409469    3.604166    0.498881    7.325827     0.694461    25.784746
  122    7.158001    6.007628    6.151722    7.276820     0.728553    23.861990
  123    9.837494    7.560650    6.315906    7.330295     0.718032    19.944731
  124    1.993912    7.670414    5.279576    7.368730     0.741434    25.422150
  125    2.465176    6.325267    2.687757    7.346487     0.676944    25.667693
  126    2.699815    2.274914   28.049006    7.345393     0.774266    23.768556
  127    4.554773    1.763074   30.002859    7.340033     0.698771    27.557324
  128    5.763608    3.679856    7.280012    7.307463     0.706988    21.016478
  129    7.214493    0.930303   24.605892    7.319753     0.709692    22.493898
  130    4.513462    7.245769    6.760732    7.252769     0.733048    23.523755
  131    9.197302    4.743283   27.014996    7.320881     0.749291    25.303314
  132    9.731943    5.007853    6.983883    7.302578     0.744402    23.703939
  133    0.314463    1.284280    7.106667    7.248455     0.721117    21.095800
  134    2.949947    4.140981    7.364469    7.294380     0.730576    21.479787
  135    2.768374    5.453399   23.231009    7.275815     0.723065    21.147494
  136   10.080062    2.015033    3.997828    7.284006     0.708392    23.674230
  137    4.229480    3.827953    4.308088    7.331744     0.723209    27.145411
  138    5.495020    0.502189    3.609257    7.312762     0.697032    28.561186
  139    3.778801    6.401590   27.725608    7.386146     0.706377    28.258452
  140    5.733592    4.651530   26.805404    7.310990     0.721291    24.160861
  141    2.323475    3.328030    1.771108    7.309518     0.660346    27.024644
  142    0.866718    7.252162   29.335906    7.357204     0.711822    21.400910
  143    1.337293    0.223067   27.364698    7.354753     0.738225    23.542323
  144    6.535341    4.438106    3.210050    7.326503     0.747360    23.255039
  145    8.947037    4.223662    4.152160    7.290629     0.723701    24.586886
  146    6.173827    0.859266    7.015430    7.293907     0.723471    21.393334
  147    8.137369    3.194178   22.306194    0.470186     0.139681     2.454099
  148    9.213465    3.171617   23.355812    0.309992     0.097545     1.368835
  149    7.757246    7.369742    1.693369    0.368158     0.114951     2.715239
  150    9.091659    8.181990    1.710092    0.359145     0.138571     2.550355
  151    9.592269    3.343557   29.669609    0.360129     0.104123     2.777034
  152    1.581747    8.430876   22.848403    0.383486     0.125834     3.116903
  153    5.048944    2.191917   22.814988    0.396467     0.110841     3.228757
  154    5.428803    3.514416   23.439787    0.346883     0.106096     2.264853
  155    6.564211    3.344760   27.457893    0.342666     0.116402     1.980391
  156    6.813187    1.905366   27.224799    0.340012     0.081157     2.536541
  157    6.829554    6.344894   29.541009    0.374692     0.134234     2.565507
  158    2.638678    3.736139   24.977409    0.344381     0.087864     2.944889
  159    7.624570    0.730779    5.907238    0.328399     0.074493     2.226677
  160    9.768823    5.895923    1.578299    0.308018     0.077375     1.569815
  161    9.021691    7.084254   28.986506    0.347775     0.105441     2.164734
  162    5.993226    5.161868   29.767806    0.361258     0.121082     2.225043
  163    6.262808    5.965212   23.754296    0.340955     0.098969     2.613932
  164    4.110341    6.601482   23.446115    0.350086     0.109610     1.997325
  165    4.379071    8.035369   22.977997    0.401599     0.103364     3.684787
  166    2.576862    0.379129    5.303892    0.312782     0.094790     1.531342
  167    8.446032    6.129011   27.902990    0.340075     0.118928     2.070112
  168    0.062820    5.239508   23.876990    0.358997     0.099856     2.683005
  169    8.417000    0.397298   25.839008    0.334897     0.100617     1.682263
  170    8.753670    8.107863   26.784101    0.333535     0.091689     2.074420
  171    3.668646    2.737830   24.750190    0.313270     0.067810     1.649435
  172    7.245593    0.436509    4.406647    0.325396     0.113952     2.324271
  173    2.709083    8.594841   26.192808    0.334339     0.102363     1.939393
  174    3.592462    8.008057   25.129812    0.326220     0.105519     1.820261
  175    9.864133    4.743371    2.567051    0.346265     0.100006     2.107396
  176    8.511123    2.555827   28.815602    0.325307     0.101373     1.956773
  177    5.202115    8.758860   26.933100    0.321165     0.113123     1.876410
  178    3.122891    7.634786    1.401911    0.353097     0.116571     2.596255
  179    2.296278    0.021103    1.648263    0.406322     0.120962     4.393343
  180    0.112366    1.429681    1.939390    0.327638     0.083903     2.505643
  181    9.829453    1.258699    0.491258    0.296802     0.073549     1.982768
  182    1.159025    2.326779   23.847100    0.339185     0.101416     3.363040
  183    0.830152    2.918727   22.400896    0.487862     0.156697     2.962417
  184    6.155797    8.217337   28.108394    0.344225     0.119239     3.583926
  185    3.441248    1.698176    5.057570    0.323887     0.085413     2.511437
  186    1.868253    3.545099   28.671696    0.300291     0.094937     1.367052
  187    0.900192    4.694184   28.234704    0.341295     0.093791     3.006980
  188    7.166052    4.749140   23.617290    0.327325     0.068046     1.841502
  189    6.159488    6.107346    2.625626    0.347882     0.113635     2.165032
  190    5.700849    6.582478    1.262615    0.339504     0.099872     2.054812
  191    9.347329    6.221747   24.543008    0.328930     0.113443     1.953653
  192    8.231563    7.124386   22.363503    0.441587     0.128365     2.371657
  193    5.730124    2.929783    0.157797    0.324612     0.109951     1.822489
  194    6.490622    6.767572    6.187397    0.373414     0.125800     2.968210
  195    7.246303    3.367531    0.103199    0.347289     0.119280     2.039363
  196    8.044097    7.895123   23.633500    0.340396     0.093353     2.655822
  197    6.534986    5.288739    6.321751    0.354241     0.083806     2.357396
  198   10.012395    8.141418    7.056198    0.342794     0.110660     2.177509
  199    9.060620    7.870798    5.867434    0.295912     0.081969     1.747622
  200    1.062539    7.646554    5.582545    0.313634     0.108347     1.371954
  201    3.223575    5.835232    2.929137    0.345178     0.093149     3.166219
  202    2.772693    2.567463   27.090113    0.328429     0.103812     1.837343
  203    2.018047    7.271482    4.396704    0.313205     0.093299     2.301841
  204    2.162466    1.431033   27.822209    0.326003     0.098091     1.472221
  205    4.143023    1.099563    0.451214    0.335278     0.094683     1.869429
  206    3.931221    1.649912   29.245212    0.330548     0.112892     2.174835
  207    4.914077    4.007164    7.010790    0.340439     0.107196     2.029411
  208    7.269717    1.897779   24.262005    0.358071     0.135085     2.303029
  209    5.781729    2.867494    6.781221    0.334243     0.111061     2.698008
  210    6.336884    0.736057   24.854594    0.312389     0.087803     2.892304
  211    2.773636    2.781678    1.194699    0.362259     0.099676     2.756683
  212    3.630427    7.337820    6.284961    0.337669     0.117101     2.274212
  213    4.319699    7.442499    7.721855    0.452681     0.126131     2.924241
  214    8.700038    3.901097   26.852197    0.346559     0.098247     2.800504
  215    8.778413    5.085229    7.061712    0.367036     0.116547     2.523023
  216    1.276146    1.352357    6.934739    0.359390     0.123126     2.382797
  217    9.926902    5.949326    6.887644    0.333074     0.107438     1.646464
  218    9.622579    4.865139   26.110490    0.342796     0.112343     1.977272
  219    0.069137    2.124200    7.598648    0.403655     0.129465     3.408049
  220    2.883153    4.620399    6.522485    0.347881     0.122020     4.351899
  221    2.812626    3.214824    7.104829    0.343571     0.101598     2.778816
  222    1.784078    5.790884    2.234615    0.307769     0.094023     1.535501
  223    0.853434    1.822422    4.282627    0.371198     0.105634     3.292928
  224    3.723060    3.621317    3.468515    0.385008     0.115651     3.214496
  225    9.549132    1.387669    4.466729    0.319682     0.086787     1.791740
  226    1.981095    5.999022   23.400406    0.351131     0.121305     2.644978
  227    5.142388    3.877957    3.911472    0.321690     0.101134     1.662804
  228    5.558174    8.543714    2.949265    0.331598     0.122357     1.895721
  229    5.194712    1.249487    3.127912    0.357456     0.105355     4.098186
  230    0.534885    8.230984   24.108999    0.340298     0.117992     2.502227
  231    3.796162    7.091946   27.086286    0.307469     0.092691     1.402554
  232    6.006906    4.692436   25.882789    0.355002     0.112905     2.070409
  233    4.576737    6.210128   28.245913    0.308202     0.088344     1.713606
  234    4.831950    4.996032   26.803596    0.331113     0.105574     2.562090
  235    1.782252    3.887617    1.184123    0.333009     0.097629     2.172013
  236    2.812788    5.078933   22.349010    0.393084     0.099164     2.372399
  237    0.723891    7.660429    0.049505    0.327769     0.089093     2.353386
  238    1.301690    6.460753   29.515006    0.290726     0.049826     2.451573
  239    0.462756    0.189863   26.918396    0.308145     0.104151     1.617349
  240    1.358030    8.234216   27.956292    0.317257     0.096244     1.798722
  241    6.574797    3.943461    2.342303    0.332837     0.116395     2.469250
  242    7.406552    4.198959    3.685429    0.341275     0.126117     1.882946
  243    8.866452    4.818183    4.944578    0.396786     0.136918     2.746582
  244    9.378155    3.364554    4.474171    0.303753     0.076540     1.892156
  245    6.246888    0.672828    7.992824    0.428623     0.122495     2.279559
  246    5.490152    0.284531    6.628637    0.328432     0.098991     2.199197
 --------------------------------------------------------------------------------
    VACUUM CHARGE:               0.0000
    VACUUM VOLUME:               0.0000
    NUMBER OF ELECTRONS:      1456.0000
