    #         X           Y           Z        CHARGE     ATOM    DISTANCE
  -------------------------------------------------------------------------
    1     10.0347      0.7841      1.2913      7.3709     114      0.0268
    2     10.0876      2.0386      3.9816      7.2898     136      0.0296
    3      9.5594      1.4114      4.4659      0.3175     225      0.0258
    4      8.0278      0.4705      5.0577      7.3491     109      0.0341
    5      9.8235      7.5796      6.2953      7.3322     123      0.0313
    6     10.0347      8.1546      7.0485      0.3377     198      0.0270
    7      0.3169      1.3068      7.1023      7.2600     133      0.0231
    8      9.5066      1.1500      9.9002     10.9916       2      0.0211
    9      0.7394      7.6841      9.9002     11.0553      13      0.0103
   10      9.5066      8.3114     11.9448     10.9788      29      0.0371
   11      0.6338      0.3659     14.0433     11.0219      35      0.0127
   12      9.5066      1.0977     16.0879     11.0078      50      0.0126
   13      0.6338      7.6841     16.0879     11.0245      61      0.0126
   14      9.4010      8.4682     18.1863     10.9976      77      0.0311
   15      0.4225      0.3659     20.2309     11.0343      83      0.0328
   16      1.4788      8.4682     23.8359      7.3080      99      0.0301
   17      0.5810      8.2591     24.1049      0.3443     230      0.0541
   18      9.1897      8.6773     26.0957      7.3128     108      0.0292
   19      0.4753      0.2091     26.9028      0.3072     239      0.0278
   20      1.3204      0.2091     27.3870      7.3546     143      0.0313
   21      0.8450      7.2659     29.3240      7.3573     142      0.0283
   22      1.5844      8.4159     22.8674      0.3755     152      0.0243
   23      9.8235      1.2545      0.4843      0.2977     181      0.0101
   24      0.1056      1.4114      1.9370      0.3261     180      0.0197
   25      0.6338      1.9341     12.0525     10.9785      19      0.0142
   26      0.6338      1.8818     18.1863     10.9766      67      0.0284
   27      8.9256      2.6136     29.7007      7.3156     111      0.0307
   28      0.7922      3.1364     23.4054      7.2535     115      0.0220
   29      0.8450      2.9273     22.4369      0.4481     183      0.0399
   30      1.1619      2.3523     23.8359      0.3440     182      0.0280
   31      9.4010      2.5614     20.2309     11.0724      86      0.0296
   32      1.7957      2.6136     20.3923     11.0553      87      0.0330
   33      9.5066      2.5614     14.0433     11.0309      38      0.0127
   34      0.0528      2.0909      7.5866      0.4013     219      0.0390
   35      0.6338      3.2932     10.0078     11.0406       6      0.0330
   36      0.6338      3.2932     16.0879     11.0116      54      0.0126
   37      8.7144      3.9205     26.8490      0.3463     214      0.0243
   38      9.1897      4.7568     27.0104      7.3276     131      0.0162
   39      1.3204      4.2864     28.9474      7.3835     117      0.0130
   40      9.5594      3.3455     29.6469      0.3603     151      0.0400
   41      9.5594      4.0250     12.0525     10.9834      22      0.0300
   42      9.6122      4.8614     26.1495      0.3383     218      0.0405
   43      0.1584      5.1227      1.8294      7.3497     103      0.0314
   44      2.3238      3.3455      1.7756      7.3093     141      0.0180
   45      9.2953      4.0773     18.1863     10.9938      70      0.0317
   46      9.3482      3.3977      4.4659      0.3026     244      0.0455
   47      8.9256      4.2341      4.1430      7.2987     145      0.0255
   48      9.7179      5.0182      6.9947      7.3116     132      0.0206
   49      9.8763      4.7568      2.5289      0.3448     175      0.0423
   50     10.0876      5.5932     24.6968      7.3403     119      0.0295
   51      0.4225      4.8091     20.2309     11.0585      90      0.0213
   52      0.6338      4.7568     14.0433     11.0220      42      0.0127
   53      8.8728      4.8091      4.9501      0.3909     243      0.0124
   54      0.8978      4.7045     28.2479      0.3405     187      0.0170
   55      9.6650      5.5409     10.0078     10.9819       9      0.0173
   56      0.0528      5.2273     23.8897      0.3526     168      0.0203
   57      9.5066      5.4886     16.0879     10.9999      57      0.0126
   58      0.4753      6.2727     18.1863     10.9886      74      0.0354
   59      0.7394      6.2205     11.9986     10.9710      26      0.0244
   60      9.9291      5.9591      6.8871      0.3348     217      0.0100
   61      9.2425      7.0046     20.2847     11.0213      93      0.0274
   62      9.5066      6.9523     14.0433     10.9980      45      0.0127
   63      8.4503      6.1682     27.9251      0.3389     167      0.0452
   64      8.6616      7.2659     23.2440      7.2879     120      0.0218
   65      8.2919      7.0046     28.3555      7.3075     107      0.0319
   66      8.9785      7.0568     28.9474      0.3504     161      0.0644
   67      9.7707      5.9068      1.5604      0.3089     160      0.0211
   68      8.7144      7.2659      1.4528      7.2974      98      0.0281
   69      2.0069      7.6841      5.2729      7.3653     124      0.0200
   70      1.0563      7.6318      5.5958      0.3132     200      0.0208
   71      2.0069      7.2659      4.4121      0.3205     203      0.0197
   72      2.4823      6.3250      2.6903      7.3471     125      0.0173
   73      8.7672      8.1023     26.7952      0.3552     170      0.0184
   74      0.7394      7.6318      0.0000      0.3292     237      0.0592
   75      1.3732      8.2591     27.9251      0.3199     240      0.0427
   76      9.0841      8.1546      1.7218      0.3590     150      0.0308
   77      2.6935      2.3000     28.0327      7.3519     126      0.0306
   78      9.0841      7.8409      5.8648      0.3012     199      0.0381
   79      2.1654      1.4636     27.8175      0.3263     204      0.0331
   80      1.2675      6.4818     29.4855      0.2912     238      0.0498
   81      1.7957      3.8682      1.1837      0.3339     235      0.0236
   82      1.6901      4.0250     18.0787     10.9917      71      0.0137
   83      3.0632      3.0318     25.4500      7.3481     102      0.0180
   84      1.6372      7.0046     20.1771     11.0582      94      0.0034
   85      1.8485      8.5205     12.1063     10.9888      30      0.0274
   86      1.8485      3.5545     28.6784      0.3006     186      0.0229
   87      2.7464      2.5614     27.1180      0.3252     202      0.0389
   88      2.0069      6.0114     23.4054      0.3542     226      0.0291
   89      1.7957      8.4682     18.1325     10.9759      78      0.0248
   90      1.9013      1.0455      9.9540     11.0417       3      0.0336
   91      1.9013      5.4886     16.0879     11.0044      58      0.0126
   92      1.9013      4.1295     11.9986     10.9771      23      0.0294
   93      2.7464      5.4364     23.2440      7.2872     135      0.0307
   94      1.9013      1.0977     16.0879     10.9981      51      0.0126
   95      1.7957      5.8023      2.2598      0.3092     222      0.0300
   96      1.9013      2.5614     14.0433     10.9902      39      0.0127
   97      1.9013      6.9523     14.0433     10.9977      46      0.0127
   98      0.8450      1.8295      4.3044      0.3703     223      0.0244
   99      1.9541      5.4886      9.9540     10.9831      10      0.0317
  100      2.7992      1.3068      5.5958      7.3919     116      0.0302
  101      2.3238      0.0000      1.6142      0.4059     179      0.0487
  102      2.5879      0.4182      5.3268      0.3142     166      0.0466
  103      3.1161      8.5727      1.0761      7.2488     113      0.0325
  104      2.9576      4.1295      7.3714      7.2888     134      0.0154
  105      1.2675      1.3591      6.9409      0.3634     216      0.0126
  106      2.6407      3.7114     24.9658      0.3412     158      0.0274
  107      2.7992      3.2409      7.1023      0.3467     221      0.0295
  108      3.0104      4.7568     20.1233     11.0914      91      0.0233
  109      2.7992      5.0705     22.3831      0.3864     236      0.0377
  110      3.8026      6.3773     27.7099      7.4100     139      0.0375
  111      2.7464      8.5727     26.2033      0.3354     173      0.0446
  112      3.1161      7.6318      1.3989      0.3532     178      0.0080
  113      2.9048      4.6000      6.5643      0.3580     220      0.0513
  114      2.8520      0.4182     20.1771     11.0738      84      0.0215
  115      3.1689      3.1886      9.9540     10.9800       7      0.0209
  116      3.0632      1.7773     18.2939     10.9782      68      0.0285
  117      4.2252      3.8159      4.3044      7.3251     137      0.0133
  118      3.7498      3.6068      3.4974      0.3906     224      0.0419
  119      3.6442      8.4159     25.9881      7.3486     110      0.0305
  120      2.9576      6.2727     18.1325     10.9918      75      0.0274
  121      3.0632      1.7773     11.9986     10.9810      20      0.0159
  122      2.7464      2.8227      1.2375      0.3632     211      0.0653
  123      3.8026      7.0568     27.1180      0.3078     231      0.0478
  124      4.5420      1.7773     30.0235      7.3418     127      0.0281
  125      3.2217      5.8545      2.9055      0.3443     201      0.0306
  126      3.1689      7.6841     16.0879     11.0041      62      0.0126
  127      3.1689      0.3659     14.0433     10.9973      36      0.0127
  128      3.9611      1.6727     29.2702      0.3300     206      0.0452
  129      3.1689      3.2932     16.0879     11.0065      55      0.0126
  130      3.2217      7.6318      9.9540     11.0812      14      0.0321
  131      3.1689      4.7568     14.0433     11.0011      43      0.0127
  132      3.1689      6.3773     11.9448     10.9782      27      0.0197
  133      3.6442      7.3182      6.2953      0.3434     212      0.0261
  134      4.4892      7.2659      6.7795      7.2664     130      0.0367
  135      4.1723      1.0977      0.4304      0.3357     205      0.0360
  136      4.3308      7.4227      7.6942      0.4420     213      0.0358
  137      3.5914      7.9977     25.1272      0.3194     174      0.0107
  138      3.4329      1.6727      5.0577      0.3280     185      0.0268
  139      4.5420      7.4750     23.7283      7.2937     106      0.0141
  140      4.1195      6.6386     23.4592      0.3493     164      0.0405
  141      4.8589      4.9659     26.7952      0.3305     234      0.0413
  142      4.2780      3.9205     18.1863     10.9980      72      0.0256
  143      4.1723      7.0046     20.2847     11.0291      95      0.0325
  144      5.4927      0.5227      3.6050      7.3089     138      0.0211
  145      4.9646      2.6659     23.6745      7.2948     100      0.0342
  146      3.6442      2.7182     24.7506      0.3099     171      0.0314
  147      4.3308      2.6659     20.2847     11.0537      88      0.0270
  148      4.3836      8.0500     22.9750      0.3851     165      0.0156
  149      4.4364      5.4886      9.9540     10.9909      11      0.0293
  150      4.3836      8.4682     11.9448     10.9856      31      0.0184
  151      4.3308      4.0773     11.9448     10.9858      24      0.0240
  152      4.3836      8.4682     18.0787     10.9966      79      0.0196
  153      4.5420      1.0455      9.9002     11.0355       4      0.0253
  154      4.4364      1.0977     16.0879     11.0274      52      0.0126
  155      5.0702      2.1955     22.8136      0.3909     153      0.0216
  156      4.4364      5.4886     16.0879     10.9997      59      0.0126
  157      4.4364      6.9523     14.0433     11.0008      47      0.0127
  158      4.4364      2.5614     14.0433     11.0069      40      0.0127
  159      5.1758      1.2545      3.1207      0.3599     229      0.0208
  160      5.8624      6.1159     29.7007      7.2621     104      0.0288
  161      4.5420      6.2205     28.2479      0.3115     233      0.0363
  162      5.3343      0.3659     20.2309     11.0678      81      0.0398
  163      5.7568      4.6523     26.7952      7.3212     140      0.0253
  164      5.7040      6.5864      1.2913      0.3410     190      0.0291
  165      5.2286      0.0000     26.9566      0.3196     177      0.0422
  166      5.8624      7.0046      2.1522      7.3320     118      0.0342
  167      5.4927      0.3136      6.6181      0.3332     246      0.0311
  168      6.1793      0.8364      6.9947      7.3082     146      0.0314
  169      6.3906      3.6068      0.4843      7.3265     121      0.0241
  170      6.1265      8.6773     27.2256      7.3291     112      0.0301
  171      5.9680      5.1750     29.7545      0.3622     162      0.0314
  172      5.5455      8.5727      2.9593      0.3350     228      0.0332
  173      5.7568      2.9273      0.1614      0.3254     193      0.0270
  174      5.7568      3.6591      7.2638      7.3070     128      0.0272
  175      5.4927      5.0182     20.1771     11.0583      92      0.0171
  176      4.9117      4.0250      6.9947      0.3451     207      0.0241
  177      5.8624      3.3455      9.7926     10.9020       8      0.0278
  178      5.5455      6.2205     18.1863     10.9786      76      0.0285
  179      5.5455      1.7773     18.1863     10.9971      65      0.0311
  180      5.7568      2.8750      6.7795      0.3398     209      0.0261
  181      6.4434      5.0705     24.1049      7.3406     105      0.0166
  182      5.6511      1.9341     11.9986     10.9914      17      0.0284
  183      6.0208      4.7045     25.8805      0.3508     232      0.0186
  184      5.7040      3.2932     16.0879     11.0136      56      0.0126
  185      5.4399      3.5023     23.4592      0.3464     154      0.0255
  186      5.7040      7.6841     16.0879     10.9682      63      0.0126
  187      5.7040      0.3659     14.0433     10.9697      33      0.0127
  188      5.7040      4.7568     14.0433     10.9975      44      0.0127
  189      5.8624      6.2205     12.0525     10.9851      28      0.0313
  190      6.2321      0.6795      7.9632      0.4197     245      0.0338
  191      6.5490      4.4432      3.2283      7.3271     144      0.0234
  192      6.1793      6.1159      2.6365      0.3471     189      0.0242
  193      5.8096      7.6318      9.9540     11.0450      15      0.0310
  194      6.1793      8.2068     28.0865      0.3508     184      0.0338
  195      6.5490      3.9727      2.3674      0.3357     241      0.0464
  196      5.1230      3.8682      3.9278      0.3235     227      0.0272
  197      6.3377      0.7318     24.8582      0.3150     210      0.0056
  198      6.2849      5.9591     23.7821      0.3397     163      0.0360
  199      7.2356      0.9409     24.5892      7.3231     129      0.0289
  200      6.6018      3.3455     27.4408      0.3427     155      0.0413
  201      6.5490      5.3318      6.2953      0.3540     197      0.0525
  202      7.3412      2.7182     27.4947      7.3235     101      0.0270
  203      6.8131      1.9341     27.2256      0.3394     156      0.0287
  204      7.1828      6.0114      6.1338      7.2830     122      0.0308
  205      6.4962      6.7432      6.1876      0.3743     194      0.0250
  206      6.6546      7.1091     20.5537     11.0411      96      0.0314
  207      7.1300      1.2023      9.9002     11.0751       1      0.0397
  208      6.7603      2.6136     20.4461     11.0470      85      0.0394
  209      6.8131      3.9727     18.1325     10.9877      69      0.0280
  210      6.9715      4.0773     11.8372     10.9737      21      0.0188
  211      6.9187      8.3636     18.4015     10.9751      80      0.0214
  212      6.9715      8.5727     11.9448     10.9792      32      0.0279
  213      6.9715      5.4886     16.0879     10.9959      60      0.0126
  214      7.1300      5.4364      9.9002     11.0120      12      0.0217
  215      6.9715      6.9523     14.0433     11.0033      48      0.0127
  216      6.9715      1.0977     16.0879     10.9698      49      0.0126
  217      6.9715      2.5614     14.0433     10.9748      37      0.0127
  218      7.2356      0.4182      4.4121      0.3317     172      0.0216
  219      7.6581      0.7318      5.8648      0.3222     159      0.0541
  220      7.9750      4.9136     20.3923     11.0458      89      0.0270
  221      7.2884      1.8818     24.2663      0.3551     208      0.0249
  222      6.8131      6.3250     29.5393      0.3754     157      0.0259
  223      8.0278      7.8932     23.6207      0.3455     196      0.0208
  224      8.2391      0.4182     20.4461     10.9986      82      0.0292
  225      8.2919      3.1886     23.2978      7.3457      97      0.0230
  226      8.2391      7.1091     22.3831      0.4328     192      0.0260
  227      8.1334      3.1886     22.3293      0.4138     147      0.0241
  228      7.1300      4.7568     23.6207      0.3249     188      0.0371
  229      7.7637      7.3705      1.6680      0.3682     149      0.0262
  230      8.0806      1.7773     18.4553     10.9892      66      0.0220
  231      8.0806      6.2205     18.1863     10.9838      73      0.0270
  232      7.3940      4.1818      3.6588      0.3397     242      0.0341
  233      7.2356      3.3455      0.1076      0.3477     195      0.0249
  234      8.1862      1.9341     12.0525     10.9721      18      0.0337
  235      8.2391      7.6841     16.0879     11.0024      64      0.0126
  236      8.2391      0.3659     14.0433     10.9956      34      0.0127
  237      8.5031      2.5614     28.8398      0.3244     176      0.0261
  238      8.2391      3.2932     16.0879     11.0066      53      0.0126
  239      8.2391      4.7568     14.0433     10.9691      41      0.0127
  240      8.4503      0.3659     25.8267      0.3341     169      0.0474
  241      8.3447      6.2205     11.9986     10.9827      25      0.0349
  242      8.4503      7.6318      9.9540     11.0399      16      0.0190
  243      8.3975      3.3977      9.8464     11.0034       5      0.0336
  244      9.3482      6.2205     24.5353      0.2954     191      0.0078
  245      8.8200      5.0705      7.0485      0.3680     215      0.0461
  246      9.1897      3.1886     23.3516      0.3118     148      0.0295
  -------------------------------------------------------------------------
