2.190221124472356673e-180
2.768646354536544911e-170
1.759788695708036622e-160
5.624334294118405371e-151
9.038664871413460212e-142
7.304090597899836459e-133
2.968002851891794430e-124
6.064683314000518759e-116
6.231737273072945544e-108
3.220190637285084339e-100
8.368412214490680486e-93
1.093743105101109790e-85
7.189940321814796159e-79
2.377422068678131185e-72
3.954574472138757008e-66
3.309460938392487186e-60
1.393616291728024834e-54
2.953510069232958736e-49
3.150975038423664893e-44
1.692747891592884480e-39
4.580853038050694713e-35
6.247725061067822003e-31
4.297342830569924457e-27
1.491947154931700985e-23
2.617483057151604455e-20
2.324217314352434578e-17
1.046847481930724938e-14
2.399089907347452765e-12
2.809933198887749499e-10
1.693064846221842625e-08
5.300557157723183848e-07
8.763595919141292252e-06
7.873421220013129536e-05
4.057982911295837853e-04
1.330141563976316348e-03
3.305678293576893093e-03
7.858862492083182674e-03
2.033920193424837777e-02
5.196254189090487863e-02
1.195899169737374562e-01
2.479483456769481509e-01
4.614019848091973075e-01
7.568818753852227799e-01
1.085979841723818007e+00
1.368818037972175050e+00
1.537805734826978910e+00
1.572460549497016968e+00
1.483708727688693552e+00
1.301812138453324330e+00
1.083256964233105357e+00
8.842159284804335107e-01
7.336597695237582206e-01
6.454244328855663904e-01
6.336206449443583244e-01
6.969105299859504887e-01
8.248892824446942829e-01
1.011272126179894260e+00
1.245049298847505925e+00
1.506096536822999044e+00
1.766320782110687437e+00
1.999050935288366526e+00
2.173496083450749072e+00
2.263271841535608786e+00
2.275736535515560099e+00
2.239345961277135810e+00
2.167047840812952764e+00
2.073591680179252439e+00
1.972954690467252137e+00
1.867252144853482010e+00
1.762549019122715110e+00
1.660466705438173207e+00
1.560546074926822957e+00
1.464003479588676937e+00
1.375742654707196921e+00
1.291582279361505492e+00
1.201424308978895183e+00
1.108648789848823091e+00
1.017539711290367910e+00
9.255250758741647710e-01
8.329891441202966762e-01
7.485908113933081864e-01
6.800407076010915874e-01
6.227642207947210462e-01
5.704503768628851335e-01
5.223184892218009079e-01
4.790688723727524190e-01
4.424864979761311545e-01
4.170583612405466267e-01
4.018330241930534452e-01
3.843358241418340926e-01
3.590204700886696632e-01
3.367034877454399555e-01
3.238618892450390585e-01
3.167699050459059640e-01
3.128722876835126065e-01
3.145429532004951900e-01
3.219472584326139031e-01
3.322128162196388845e-01
3.478108417380185169e-01
3.715571034456813249e-01
3.988218220448392914e-01
4.255621999633701358e-01
4.555619708956820113e-01
4.909423247857364614e-01
5.315941200163153413e-01
5.813678798185943908e-01
6.390738048378293845e-01
6.974402527385120676e-01
7.533897476565596385e-01
8.121175352623926091e-01
8.730735963072620009e-01
9.309772215085138081e-01
9.875806727072612423e-01
1.041629531595639646e+00
1.094233960106830716e+00
1.148330946194210167e+00
1.198269561783852577e+00
1.232183545512876233e+00
1.248707624441938391e+00
1.261015596986326592e+00
1.275044704950776486e+00
1.282085061800203762e+00
1.275505330783190061e+00
1.261411172212003162e+00
1.247195619083492746e+00
1.229232133711639419e+00
1.203203791231928443e+00
1.174315264803041714e+00
1.147760545403731847e+00
1.114992952775972324e+00
1.071324455577076673e+00
1.029045834722213781e+00
9.955847531282675522e-01
9.629588671754475415e-01
9.237085079881560690e-01
8.858447578020174351e-01
8.602624760136499127e-01
8.458054258547237358e-01
8.379323494066196476e-01
8.269636032478733245e-01
8.131070543447782573e-01
8.128191218927687256e-01
8.234255860913700653e-01
8.228399149138662105e-01
8.117000167948509315e-01
8.057322501614921917e-01
8.028787438669018339e-01
7.958062492128418208e-01
7.867180256766871382e-01
7.842385869366531592e-01
7.905773633526039790e-01
7.972386981361060387e-01
7.979724227839923856e-01
7.946102471048255289e-01
7.973668917490009944e-01
8.059906847918477668e-01
8.122368728774216340e-01
8.138400287660220167e-01
8.117762976108473527e-01
8.071191059373736820e-01
8.041621036702367720e-01
8.021874292435007270e-01
7.948496015756605360e-01
7.860687485327714219e-01
7.790198092257880624e-01
7.722777925138892829e-01
7.710585743817365278e-01
7.795396626038474386e-01
7.890078096802616292e-01
7.915709874003189483e-01
7.914932541171143532e-01
7.909969294103609272e-01
7.905392757521427782e-01
7.932361177744987613e-01
8.018657824415145186e-01
8.113720843161369434e-01
8.121854491231225159e-01
8.046429281243770992e-01
7.990984315686144868e-01
7.989654616420748257e-01
8.044597966304560810e-01
8.201343054424781176e-01
8.401340934763321666e-01
8.531526347996398751e-01
8.622600605963126608e-01
8.747969348565817205e-01
8.876694419878046194e-01
8.981668529333726170e-01
9.096484616606330675e-01
9.218544404613850940e-01
9.312425266842049298e-01
9.344640918282602904e-01
9.340990541441731576e-01
9.401574060661220811e-01
9.551841049223824820e-01
9.695648301769460575e-01
9.612211966215243875e-01
8.778068329982261497e-01
6.531987680100752591e-01
