    #         X           Y           Z       CHARGE      MIN DIST   ATOMIC VOL
 --------------------------------------------------------------------------------
    1    7.063107    1.181551    9.775170   11.034986     1.149897    15.415619
    2    9.608078    1.252341    9.968281   11.045237     1.163062    16.109617
    3    2.050567    1.150630    9.944718   11.046211     1.139134    15.126552
    4    4.520083    1.030819    9.804337   11.076930     1.138932    16.723105
    5    8.090692    3.382750    9.939747   11.013437     1.108629    14.959885
    6    0.752102    3.371983    9.887469   11.035564     1.124355    17.268708
    7    3.237538    3.250601    9.925736   11.055250     1.141201    15.919035
    8    5.657083    3.342836    9.853782   11.049682     1.106026    17.666955
    9    9.605888    5.448929    9.810665   10.839783     0.986649    12.819364
   10    2.096716    5.513326    9.689658   11.001847     1.097193    17.397495
   11    4.526522    5.387658    9.887017   11.054820     1.111131    16.642000
   12    6.872478    5.558438    9.925404   11.035174     1.132000    18.027323
   13    0.653324    7.690621    9.793460   10.841929     1.002474    13.140070
   14    3.219073    7.553563    9.936884   11.049564     1.101361    17.755636
   15    5.706599    7.717686    9.865624   11.075454     1.139573    18.193692
   16    8.278026    7.688241    9.947761   11.035781     1.124981    16.308369
   17    5.731848    1.818733   11.921501   10.987365     1.137281    11.535793
   18    8.174726    1.760440   11.960189   10.984759     1.169887    11.717611
   19    0.770354    1.818321   11.991013   10.981575     1.138168    11.607243
   20    3.427387    1.873611   11.933704   10.981483     1.114743    11.499548
   21    6.912908    3.980520   11.904386   10.978818     1.100856    11.530743
   22    9.576024    4.034221   11.839906   10.977486     1.138280    11.655371
   23    1.892417    4.068777   11.873894   10.973825     1.107231    11.603975
   24    4.442945    4.206257   12.068691   10.988129     1.119952    11.250143
   25    8.309370    6.114740   12.015691   10.982448     1.153247    11.737071
   26    0.673362    6.198958   11.946389   10.954068     1.158261    11.582288
   27    3.234740    6.272901   12.028798   10.994668     1.127598    11.260838
   28    5.641852    6.315659   11.879197   10.980681     1.123194    11.190577
   29    9.616474    8.429901   11.969500   10.982458     1.154826    11.558372
   30    1.856358    8.435864   11.918699   10.993010     1.149045    11.547825
   31    4.425910    8.410353   11.979895   10.981481     1.139240    11.340903
   32    7.041762    8.338219   11.903814   10.978467     1.112188    11.662353
   33    5.703962    0.365912   14.030589   10.965525     1.176869    11.484100
   34    8.239056    0.365912   14.030589   11.000654     1.172772    11.572484
   35    0.633774    0.365912   14.030589   11.029866     1.151714    11.570701
   36    3.168868    0.365912   14.030589   10.992761     1.174393    11.581842
   37    6.971509    2.561368   14.030589   11.022361     1.176869    11.676019
   38    9.506603    2.561368   14.030589   10.971416     1.190169    11.638586
   39    1.901321    2.561368   14.030589   10.997085     1.146065    11.661016
   40    4.436415    2.561368   14.030589   10.996012     1.135755    11.467017
   41    8.239056    4.756824   14.030589   11.025500     1.143278    11.749548
   42    0.633774    4.756824   14.030589   10.995913     1.181338    11.625811
   43    3.168868    4.756824   14.030589   10.995105     1.122070    11.401955
   44    5.703962    4.756824   14.030589   10.973051     1.122070    11.402698
   45    9.506603    6.952280   14.030589   10.998455     1.161556    11.508313
   46    1.901321    6.952280   14.030589   10.996554     1.165764    11.509501
   47    4.436415    6.952280   14.030589   11.015498     1.128471    11.475484
   48    6.971509    6.952280   14.030589   10.974203     1.181338    11.523464
   49    6.971509    1.097728   16.100507   11.000842     1.133627    11.569364
   50    9.506603    1.097728   16.100507   10.996541     1.176213    11.625217
   51    1.901321    1.097728   16.100507   11.025199     1.104324    11.498954
   52    4.436415    1.097728   16.100507   10.975879     1.152749    11.377594
   53    8.239056    3.293184   16.100507   10.995766     1.161579    11.494498
   54    0.633774    3.293184   16.100507   10.963710     1.176893    11.397944
   55    3.168868    3.293184   16.100507   11.019808     1.146187    11.522870
   56    5.703962    3.293184   16.100507   10.996468     1.188995    11.531040
   57    9.506603    5.488640   16.100507   11.021676     1.176893    11.680772
   58    1.901321    5.488640   16.100507   10.994307     1.103269    11.441616
   59    4.436415    5.488640   16.100507   10.999185     1.168167    11.413541
   60    6.971509    5.488640   16.100507   10.973381     1.181315    11.574860
   61    0.633774    7.684096   16.100507   10.995047     1.117850    11.496578
   62    3.168868    7.684096   16.100507   11.001133     1.161579    11.426613
   63    5.703962    7.684096   16.100507   10.994065     1.181315    11.673494
   64    8.239056    7.684096   16.100507   11.005465     1.188655    11.757273
   65    5.790662    1.766271   18.117997   10.982677     1.138509    11.572632
   66    8.188507    1.799132   18.205408   10.983302     1.095689    11.322929
   67    0.629555    1.769134   18.168708   10.987851     1.154725    11.478455
   68    3.076854    1.755258   18.054391   10.989658     1.109680    11.599370
   69    7.022880    3.975470   18.179013   10.977329     1.096522    11.466720
   70    9.470270    4.046199   18.139511   10.989102     1.098813    11.243607
   71    1.840580    3.990566   18.218213   10.968395     1.125936    11.397053
   72    4.344361    4.018712   18.120800   10.980968     1.130212    11.382941
   73    8.219648    6.365303   18.249490   10.989228     1.126285    11.568770
   74    0.514219    6.128642   18.243102   10.975062     1.129729    11.469840
   75    3.035796    6.164182   18.066112   10.982736     1.102765    10.978604
   76    5.637076    6.112027   18.197212   10.973948     1.133407    11.392894
   77    9.486657    8.376429   18.241113   10.983305     1.121150    11.588824
   78    1.760146    8.265128   18.133003   10.980296     1.119445    11.346696
   79    4.369103    8.348854   18.176000   10.978126     1.095930    11.445181
   80    6.832393    8.374479   18.332802   10.973956     1.143654    11.505639
   81    5.613196    0.358746   20.367798   10.812300     0.927765    13.044259
   82    8.137754    0.393039   20.289789   11.027636     1.155715    17.326046
   83    0.549142    0.420298   20.298105   11.027685     1.110607    17.918589
   84    3.044658    0.237390   20.146395   11.064037     1.139889    18.465380
   85    6.937225    2.551550   20.264599   11.043706     1.177709    18.130413
   86    9.391034    2.678333   20.041508   11.081254     1.097829    15.579166
   87    1.864531    2.388454   20.288403   11.108217     1.118409    17.646158
   88    4.392933    2.524221   20.092400   11.024626     1.173149    16.148684
   89    8.123588    4.763700   20.138289   11.070214     1.120674    15.059856
   90    0.595727    4.658327   20.340801   11.036406     1.130675    17.560746
   91    3.136074    4.798231   20.096407   11.090963     1.114925    14.390961
   92    5.576325    4.696967   20.224796   11.040241     1.170380    17.844168
   93    9.396905    7.060841   20.483291   10.802431     0.985154    13.290546
   94    1.900043    6.823530   20.212804   11.013309     1.115759    17.606646
   95    4.303677    6.948267   20.062208   11.050940     1.108295    16.588821
   96    6.811159    6.859834   20.221391   11.009399     1.146969    16.947110
   97    6.135476    5.265564    4.935780    7.311142     0.742801    26.293510
   98    0.681464    4.217058   25.338590    7.430822     0.731125    22.320993
   99    5.817342    3.546882   25.433714    7.369857     0.714107    26.874318
  100    8.783128    0.045455   27.469012    7.302756     0.714113    23.947997
  101    7.376110    2.400529   28.607004    7.286121     0.722714    25.774051
  102    4.383756    1.407428   24.801503    7.376605     0.694073    24.802572
  103    8.632696    4.544620   23.370305    7.262110     0.708434    22.917249
  104    1.848175    8.593612    1.768034    7.263288     0.707969    23.122389
  105    1.134820    2.206978    3.201975    7.330906     0.744535    23.287570
  106    3.062789    5.053957   23.169601    7.296617     0.724824    24.346244
  107    0.680916    0.508872   25.485600    7.326109     0.699378    24.098175
  108    7.003644    0.293761    7.014255    7.325264     0.697822    22.688045
  109    8.025449    8.766631   24.112495    7.340120     0.714514    27.055542
  110    9.466235    5.391978    7.672952    7.359840     0.748485    18.268262
  111    0.928291    4.928052    2.876438    7.283680     0.682729    23.755930
  112    7.886567    6.208170   28.492687    7.295431     0.719809    23.831836
  113    0.569372    7.993392   29.104590    7.297173     0.717559    21.520934
  114    8.082164    6.922053    5.829891    7.336613     0.706504    23.326191
  115    8.300639    4.373858   26.642394    7.338934     0.734143    27.624763
  116    9.522595    5.083218    0.501020    7.349040     0.694906    26.387390
  117    5.206374    7.109554   27.920195    7.340794     0.718425    25.148383
  118    1.448776    6.665896   25.098506    7.302375     0.733620    25.618377
  119    7.761627    2.993618    1.680323    7.349719     0.715625    28.862285
  120    4.089117    4.194507    6.551260    7.322287     0.730892    26.473545
  121    9.450243    7.029560   22.531213    7.308440     0.725279    20.469389
  122    9.871596    7.402770    3.736109    7.321195     0.692001    23.431806
  123    2.295944    7.822129    4.807692    7.364436     0.725678    20.929134
  124    7.625229    2.982149    4.774458    7.310113     0.757061    25.891995
  125    0.728109    1.420126    5.734948    7.350142     0.719797    22.397790
  126    3.722715    2.367430    3.300323    7.348952     0.730345    22.448592
  127    6.047021    8.250436   25.471710    7.357401     0.725886    23.341491
  128    5.629116    0.938092    4.562787    7.365183     0.757776    23.252513
  129    5.668440    5.913821   23.898805    7.351139     0.738802    25.996719
  130    4.734390    2.543418   28.370294    7.347225     0.762383    23.980528
  131    3.825346    0.352239   29.401411    7.382280     0.706779    23.742115
  132    8.843129    2.774424    7.021788    7.427932     0.703727    20.678985
  133    0.683796    8.177116    7.672891    7.309105     0.692670    17.531037
  134    5.815597    6.880383    1.038409    7.338731     0.691816    26.013059
  135    8.091311    8.207958    1.622471    7.315078     0.683204    28.034002
  136    5.216159    0.830541   22.313094    7.282932     0.722996    19.889473
  137    2.439623    2.682312   27.196807    7.336685     0.720526    23.319358
  138    3.886452    4.991756    2.326906    7.314664     0.745576    23.577082
  139    1.639506    5.729710    6.129786    7.342256     0.726315    23.897492
  140    0.726183    2.339012   23.441414    7.343738     0.703101    21.341047
  141    2.761225    6.005389   27.470398    7.320522     0.729528    24.703641
  142    1.144737    1.846932   29.417501    7.313285     0.709021    26.038757
  143    3.028606    1.108451    6.833167    7.267285     0.724632    21.055693
  144    5.008129    7.388210    3.636737    7.298139     0.733817    20.492117
  145    5.299706    1.740900    1.097165    7.297007     0.711097    22.250731
  146    2.662528    5.218739   30.126246    7.236309     0.714886    24.399869
  147    6.935480    5.786063    5.272917    0.346438     0.112457     1.965091
  148    5.524224    6.031471    4.487700    0.374865     0.134491     2.254010
  149    0.959979    5.115650   25.235512    0.276892     0.076833     1.096999
  150    0.472825    3.718971   24.522609    0.296430     0.072233     1.473113
  151    1.933445    4.935218    2.900000    0.378623     0.147564     2.646760
  152    6.731385    3.584670   25.667592    0.310949     0.097643     2.272429
  153    9.234436    0.177428   28.284209    0.319595     0.092765     2.280005
  154    7.893635    0.477477   27.706897    0.363480     0.112769     3.698750
  155    7.548111    2.589786   29.529107    0.360587     0.112485     2.959594
  156    7.854483    3.141434   28.081909    0.353079     0.107452     2.600117
  157    2.611157    0.227844    1.311186    0.368943     0.109467     3.022132
  158    4.850010    2.228344   25.044511    0.278205     0.089178     1.337195
  159    7.362066    8.522611   24.788095    0.287158     0.092733     1.217468
  160    7.661420    4.712854   23.321613    0.362656     0.122625     3.123736
  161    0.127029    0.774522   26.267503    0.333724     0.106328     2.912952
  162    2.312665    8.164102    2.509170    0.358773     0.097750     2.864526
  163    0.756158    1.845667    4.111935    0.331357     0.122368     2.058822
  164    2.463868    4.305052   23.328995    0.369832     0.084695     3.236184
  165    3.390932    4.791679   22.295286    0.403232     0.109846     2.531639
  166   10.126099    5.082156    1.205878    0.329711     0.094347     1.765151
  167    1.020578    1.212717   24.927602    0.335101     0.101392     2.076351
  168    6.875825    2.684972    1.520447    0.331580     0.102232     1.909833
  169    6.352034    0.541997    6.308765    0.338164     0.103487     2.260843
  170    6.586966    0.081381    7.832255    0.390376     0.105807     2.234402
  171    3.611090    1.346570   25.294509    0.336960     0.087030     3.258614
  172    8.808479    0.310437   24.616588    0.396620     0.109610     2.992126
  173    8.863795    6.032261    7.198206    0.314663     0.092512     1.806297
  174    9.167317    4.485791    7.421086    0.309641     0.087690     1.638740
  175    8.843575    4.196377   22.490596    0.399767     0.100824     2.629975
  176    0.653172    4.065941    3.109924    0.338297     0.107695     2.408347
  177    8.121306    7.061008   28.110714    0.325970     0.075630     2.039363
  178    1.245999    7.663406   28.477290    0.328851     0.095243     3.297235
  179    0.676029    7.561300   29.943410    0.329524     0.108151     3.012922
  180    7.656096    7.669149    6.388763    0.336487     0.112290     1.790997
  181    8.710736    7.315154    5.220097    0.326740     0.087377     2.165477
  182    8.167029    5.195108   27.268911    0.344381     0.122614     1.967765
  183    9.228595    4.254601   26.425993    0.337435     0.107542     2.430331
  184    8.646263    6.009587   29.164611    0.359085     0.127827     2.471033
  185    8.718727    4.727800    0.905109    0.333647     0.104469     3.000296
  186    5.909092    6.656763   28.462405    0.322257     0.098230     2.553326
  187    4.470537    6.551627   27.592308    0.334425     0.101910     2.145127
  188    1.165677    1.412732    2.637347    0.341349     0.092702     2.187016
  189    1.255551    7.692772   25.175099    0.338204     0.138972     2.189393
  190    1.679865    6.529734   24.169201    0.353207     0.106146     3.365714
  191    7.940290    2.817437    2.609988    0.337296     0.101111     2.854722
  192    4.883210    4.223592    6.008026    0.336194     0.106012     2.332292
  193    8.905837    7.667806   23.000686    0.314330     0.085025     1.603535
  194    0.610197    7.829953    3.956458    0.346181     0.096230     1.876856
  195    9.097764    6.170751   22.995293    0.355379     0.126807     2.092393
  196    4.433596    4.255092    7.463571    0.390664     0.106969     2.901365
  197    0.024083    6.545603    3.517056    0.324381     0.098101     1.998068
  198    2.208250    6.998402    5.247727    0.297346     0.090391     1.333184
  199    2.611877    8.465757    5.476754    0.335983     0.110961     2.119280
  200    7.022556    3.777651    4.807994    0.337048     0.112769     1.794859
  201    1.619692    1.363159    6.185770    0.315097     0.102325     1.337195
  202    4.108130    1.896092    2.539873    0.340140     0.099929     2.036392
  203    6.901348    2.296368    4.558478    0.354565     0.129373     2.258020
  204    2.703810    2.411954    3.199835    0.333415     0.126182     1.596404
  205    5.366358    0.148580   25.390988    0.320014     0.085868     1.741681
  206    5.794840    7.657162   26.198593    0.320385     0.094340     2.059417
  207    4.769455    1.465028    4.563419    0.320489     0.104817     2.189244
  208    4.763848    5.826257   23.551513    0.349482     0.114269     2.333778
  209    5.469811    8.777073    4.240926    0.318218     0.128471     1.515893
  210    5.743104    6.806607   24.216598    0.314111     0.086951     1.991532
  211    2.820759    5.041847   27.275088    0.357754     0.124337     3.057485
  212    4.193462    2.648062   27.520596    0.340788     0.118870     2.069963
  213    5.678114    2.648080   28.116590    0.319370     0.112671     1.975044
  214    4.259729    8.444382   28.930010    0.314345     0.082652     1.801841
  215    8.426714    2.832806    6.164497    0.260361     0.080476     1.104872
  216    1.059000    7.594600    7.033840    0.340069     0.095710     1.980837
  217    8.404791    2.123656    7.552397    0.339336     0.087249     2.076796
  218    4.087819    1.187030   28.957098    0.324383     0.093708     1.361705
  219    0.206174    0.106304    7.211735    0.334196     0.094750     2.437313
  220    5.635058    6.035642    1.343728    0.338434     0.097198     3.240937
  221    6.700893    7.156098    1.248724    0.316229     0.110099     1.765596
  222    0.181523    2.149711    6.097124    0.338234     0.102782     2.311199
  223    4.433586    0.896220   22.899898    0.331394     0.102988     3.232619
  224    1.740190    3.109161   26.655411    0.351682     0.100480     2.404039
  225    5.914598    1.419678   22.697597    0.359915     0.091979     4.339570
  226    8.604019    0.071185    1.200665    0.357090     0.087554     4.516932
  227    1.990171    2.486407   28.069314    0.327746     0.108637     1.731283
  228    4.140032    3.998610    2.509802    0.377486     0.137012     2.577539
  229    3.396256    4.951096    1.485314    0.330185     0.113852     1.601752
  230    5.630901    4.392800   25.023208    0.320304     0.103879     1.958258
  231    2.464750    5.198453    6.152716    0.340752     0.121221     2.320854
  232    1.485596    2.209867   22.827191    0.361111     0.112224     3.494205
  233    1.045057    5.227512    6.692666    0.326133     0.085096     2.441918
  234   10.081401    1.828806   23.282593    0.328287     0.080749     3.359772
  235    2.460877    6.336218   26.609702    0.324826     0.102723     2.046790
  236    8.731899    7.929829    2.294305    0.329956     0.103658     2.046642
  237    0.943653    2.222170    0.131733    0.349812     0.101511     4.175132
  238    1.058148    0.817992   29.380892    0.345131     0.142415     1.720439
  239    3.741069    1.784291    6.720688    0.363175     0.113545     3.224152
  240    3.023465    0.893937    7.810922    0.420636     0.142013     2.398394
  241    4.065480    7.053377    3.666958    0.362795     0.120794     2.798275
  242    5.265056    7.093018    2.745096    0.311073     0.093732     1.508318
  243    5.031706    0.848825    0.716096    0.340077     0.106314     2.508763
  244    5.063536    2.321300    0.365400    0.354347     0.095264     3.023171
  245    3.073802    4.836273   29.313308    0.366487     0.093872     3.195631
  246    1.742218    5.000810   30.014610    0.371501     0.124627     3.441323
 --------------------------------------------------------------------------------
    VACUUM CHARGE:               0.0000
    VACUUM VOLUME:               0.0000
    NUMBER OF ELECTRONS:      1456.1913
