    #         X           Y           Z       CHARGE      MIN DIST   ATOMIC VOL
 --------------------------------------------------------------------------------
    1    7.063107    1.181551    9.775170   11.038085     1.149897    15.424532
    2    9.608078    1.252341    9.968281   11.048525     1.163062    16.122986
    3    2.050567    1.150630    9.944718   11.049328     1.139134    15.138287
    4    4.520083    1.030819    9.804337   11.080432     1.138932    16.739296
    5    8.090692    3.382750    9.939747   11.016225     1.108629    14.965381
    6    0.752102    3.371983    9.887469   11.038658     1.124355    17.287721
    7    3.237538    3.250601    9.925736   11.057802     1.141201    15.926165
    8    5.657083    3.342836    9.853782   11.053069     1.106026    17.696069
    9    9.605888    5.448929    9.810665   10.841612     0.986649    12.821295
   10    2.096716    5.513326    9.689658   11.005542     1.097193    17.416658
   11    4.526522    5.387658    9.887017   11.058046     1.111131    16.656111
   12    6.872478    5.558438    9.925404   11.038331     1.132000    18.047673
   13    0.653324    7.690621    9.793460   10.844138     1.002474    13.146161
   14    3.219073    7.553563    9.936884   11.052590     1.101361    17.777917
   15    5.706599    7.717686    9.865624   11.078917     1.139573    18.222064
   16    8.278026    7.688241    9.947761   11.039017     1.124981    16.321441
   17    5.731848    1.818733   11.921501   10.988344     1.137281    11.536387
   18    8.174726    1.760440   11.960189   10.985738     1.169887    11.718057
   19    0.770354    1.818321   11.991013   10.982522     1.138168    11.607837
   20    3.427387    1.873611   11.933704   10.982498     1.114743    11.500440
   21    6.912908    3.980520   11.904386   10.979800     1.100856    11.531485
   22    9.576024    4.034221   11.839906   10.978185     1.138280    11.654926
   23    1.892417    4.068777   11.873894   10.974717     1.107231    11.604421
   24    4.442945    4.206257   12.068691   10.988906     1.119952    11.250440
   25    8.309370    6.114740   12.015691   10.983142     1.153247    11.736328
   26    0.673362    6.198958   11.946389   10.954883     1.158261    11.582733
   27    3.234740    6.272901   12.028798   10.995626     1.127598    11.261432
   28    5.641852    6.315659   11.879197   10.981759     1.123194    11.191468
   29    9.616474    8.429901   11.969500   10.983327     1.154826    11.558818
   30    1.856358    8.435864   11.918699   10.993703     1.149045    11.547380
   31    4.425910    8.410353   11.979895   10.982460     1.139240    11.341497
   32    7.041762    8.338219   11.903814   10.979343     1.112188    11.662650
   33    5.703962    0.365912   14.030589   10.966419     1.176869    11.484397
   34    8.239056    0.365912   14.030589   11.001504     1.172772    11.572335
   35    0.633774    0.365912   14.030589   11.030746     1.151714    11.570701
   36    3.168868    0.365912   14.030589   10.993619     1.174393    11.581990
   37    6.971509    2.561368   14.030589   11.023267     1.176869    11.676316
   38    9.506603    2.561368   14.030589   10.972331     1.190169    11.639031
   39    1.901321    2.561368   14.030589   10.997961     1.146065    11.661165
   40    4.436415    2.561368   14.030589   10.996820     1.135755    11.467166
   41    8.239056    4.756824   14.030589   11.026374     1.143278    11.749548
   42    0.633774    4.756824   14.030589   10.996850     1.181338    11.626108
   43    3.168868    4.756824   14.030589   10.995858     1.122070    11.401658
   44    5.703962    4.756824   14.030589   10.973781     1.122070    11.402549
   45    9.506603    6.952280   14.030589   10.999382     1.161556    11.508461
   46    1.901321    6.952280   14.030589   10.997432     1.165764    11.509501
   47    4.436415    6.952280   14.030589   11.016154     1.128471    11.474296
   48    6.971509    6.952280   14.030589   10.975173     1.181338    11.523761
   49    6.971509    1.097728   16.100507   11.001765     1.133627    11.569513
   50    9.506603    1.097728   16.100507   10.997435     1.176213    11.625514
   51    1.901321    1.097728   16.100507   11.026033     1.104324    11.499103
   52    4.436415    1.097728   16.100507   10.976833     1.152749    11.378336
   53    8.239056    3.293184   16.100507   10.996392     1.161579    11.493607
   54    0.633774    3.293184   16.100507   10.964668     1.176893    11.398538
   55    3.168868    3.293184   16.100507   11.020744     1.146187    11.523316
   56    5.703962    3.293184   16.100507   10.997301     1.188995    11.531188
   57    9.506603    5.488640   16.100507   11.022662     1.176893    11.681367
   58    1.901321    5.488640   16.100507   10.995201     1.103269    11.441765
   59    4.436415    5.488640   16.100507   11.000346     1.168167    11.415324
   60    6.971509    5.488640   16.100507   10.974165     1.181315    11.574563
   61    0.633774    7.684096   16.100507   10.995934     1.117850    11.496578
   62    3.168868    7.684096   16.100507   11.001830     1.161579    11.426316
   63    5.703962    7.684096   16.100507   10.994977     1.181315    11.673791
   64    8.239056    7.684096   16.100507   11.006312     1.188655    11.756976
   65    5.790662    1.766271   18.117997   10.983379     1.138509    11.572187
   66    8.188507    1.799132   18.205408   10.984527     1.095689    11.324712
   67    0.629555    1.769134   18.168708   10.988598     1.154725    11.478010
   68    3.076854    1.755258   18.054391   10.990526     1.109680    11.599667
   69    7.022880    3.975470   18.179013   10.978248     1.096522    11.467017
   70    9.470270    4.046199   18.139511   10.990024     1.098813    11.244201
   71    1.840580    3.990566   18.218213   10.969246     1.125936    11.397201
   72    4.344361    4.018712   18.120800   10.981846     1.130212    11.383387
   73    8.219648    6.365303   18.249490   10.990146     1.126285    11.569364
   74    0.514219    6.128642   18.243102   10.975888     1.129729    11.469840
   75    3.035796    6.164182   18.066112   10.983567     1.102765    10.978901
   76    5.637076    6.112027   18.197212   10.974844     1.133407    11.393191
   77    9.486657    8.376429   18.241113   10.984190     1.121150    11.589121
   78    1.760146    8.265128   18.133003   10.981142     1.119445    11.346696
   79    4.369103    8.348854   18.176000   10.978925     1.095930    11.445330
   80    6.832393    8.374479   18.332802   10.974653     1.143654    11.505193
   81    5.613196    0.358746   20.367798   10.814447     0.927765    13.045151
   82    8.137754    0.393039   20.289789   11.030731     1.155715    17.344168
   83    0.549142    0.420298   20.298105   11.030921     1.110607    17.936265
   84    3.044658    0.237390   20.146395   11.066925     1.139889    18.492563
   85    6.937225    2.551550   20.264599   11.046998     1.177709    18.151803
   86    9.391034    2.678333   20.041508   11.083940     1.097829    15.591347
   87    1.864531    2.388454   20.288403   11.112549     1.118409    17.678244
   88    4.392933    2.524221   20.092400   11.027092     1.173149    16.154478
   89    8.123588    4.763700   20.138289   11.072676     1.120674    15.067283
   90    0.595727    4.658327   20.340801   11.040119     1.130675    17.581690
   91    3.136074    4.798231   20.096407   11.093513     1.114925    14.399577
   92    5.576325    4.696967   20.224796   11.043382     1.170380    17.864370
   93    9.396905    7.060841   20.483291   10.804577     0.985154    13.294705
   94    1.900043    6.823530   20.212804   11.016286     1.115759    17.621649
   95    4.303677    6.948267   20.062208   11.053527     1.108295    16.603081
   96    6.811159    6.859834   20.221391   11.012649     1.146969    16.965975
   97    6.135476    5.265564    4.935780    7.311392     0.742801    26.275536
   98    0.681464    4.217058   25.338590    7.431933     0.731125    22.327083
   99    5.817342    3.546882   25.433714    7.370189     0.714107    26.857681
  100    8.783128    0.045455   27.469012    7.302368     0.714113    23.929429
  101    7.376110    2.400529   28.607004    7.286537     0.722714    25.768852
  102    4.383756    1.407428   24.801503    7.376066     0.694073    24.773457
  103    8.632696    4.544620   23.370305    7.265333     0.708434    22.930024
  104    1.848175    8.593612    1.768034    7.263694     0.707969    23.119269
  105    1.134820    2.206978    3.201975    7.331629     0.744535    23.284153
  106    3.062789    5.053957   23.169601    7.299778     0.724824    24.358128
  107    0.680916    0.508872   25.485600    7.326520     0.699378    24.091491
  108    7.003644    0.293761    7.014255    7.326994     0.697822    22.682401
  109    8.025449    8.766631   24.112495    7.337857     0.714514    27.020782
  110    9.466235    5.391978    7.672952    7.360343     0.748485    18.259646
  111    0.928291    4.928052    2.876438    7.283743     0.682729    23.738401
  112    7.886567    6.208170   28.492687    7.295509     0.719809    23.823369
  113    0.569372    7.993392   29.104590    7.297322     0.717559    21.511575
  114    8.082164    6.922053    5.829891    7.336747     0.706504    23.316981
  115    8.300639    4.373858   26.642394    7.338738     0.734143    27.603670
  116    9.522595    5.083218    0.501020    7.349656     0.694906    26.379071
  117    5.206374    7.109554   27.920195    7.340858     0.718425    25.132043
  118    1.448776    6.665896   25.098506    7.303782     0.733620    25.613178
  119    7.761627    2.993618    1.680323    7.350498     0.715625    28.854857
  120    4.089117    4.194507    6.551260    7.323668     0.730892    26.469238
  121    9.450243    7.029560   22.531213    7.309238     0.725279    20.462408
  122    9.871596    7.402770    3.736109    7.320894     0.692001    23.413387
  123    2.295944    7.822129    4.807692    7.366010     0.725678    20.930322
  124    7.625229    2.982149    4.774458    7.310386     0.757061    25.884271
  125    0.728109    1.420126    5.734948    7.351669     0.719797    22.394522
  126    3.722715    2.367430    3.300323    7.344231     0.730345    22.404326
  127    6.047021    8.250436   25.471710    7.356939     0.725886    23.333618
  128    5.629116    0.938092    4.562787    7.364554     0.757776    23.239441
  129    5.668440    5.913821   23.898805    7.351355     0.738802    25.976665
  130    4.734390    2.543418   28.370294    7.347780     0.762383    23.975181
  131    3.825346    0.352239   29.401411    7.382660     0.706779    23.734391
  132    8.843129    2.774424    7.021788    7.428768     0.703727    20.667399
  133    0.683796    8.177116    7.672891    7.308332     0.692670    17.512469
  134    5.815597    6.880383    1.038409    7.339038     0.691816    26.003106
  135    8.091311    8.207958    1.622471    7.315470     0.683204    28.017662
  136    5.216159    0.830541   22.313094    7.283281     0.722996    19.870459
  137    2.439623    2.682312   27.196807    7.336745     0.720526    23.305395
  138    3.886452    4.991756    2.326906    7.314649     0.745576    23.569209
  139    1.639506    5.729710    6.129786    7.343652     0.726315    23.900760
  140    0.726183    2.339012   23.441414    7.346314     0.703101    21.332431
  141    2.761225    6.005389   27.470398    7.321961     0.729528    24.696957
  142    1.144737    1.846932   29.417501    7.313194     0.709021    26.026130
  143    3.028606    1.108451    6.833167    7.269603     0.724632    21.050197
  144    5.008129    7.388210    3.636737    7.297932     0.733817    20.481719
  145    5.299706    1.740900    1.097165    7.296992     0.711097    22.240333
  146    2.662528    5.218739   30.126246    7.236441     0.714886    24.386945
  147    6.935480    5.786063    5.272917    0.346226     0.112457     1.962120
  148    5.524224    6.031471    4.487700    0.375296     0.134491     2.254010
  149    0.959979    5.115650   25.235512    0.276888     0.076833     1.096108
  150    0.472825    3.718971   24.522609    0.295819     0.072233     1.468211
  151    1.933445    4.935218    2.900000    0.378713     0.147564     2.645423
  152    6.731385    3.584670   25.667592    0.311183     0.097643     2.271092
  153    9.234436    0.177428   28.284209    0.319972     0.092765     2.282084
  154    7.893635    0.477477   27.706897    0.363658     0.112769     3.696671
  155    7.548111    2.589786   29.529107    0.360824     0.112485     2.960337
  156    7.854483    3.141434   28.081909    0.352933     0.107452     2.599375
  157    2.611157    0.227844    1.311186    0.369245     0.109467     3.024657
  158    4.850010    2.228344   25.044511    0.278413     0.089178     1.338086
  159    7.362066    8.522611   24.788095    0.288103     0.092733     1.220885
  160    7.661420    4.712854   23.321613    0.363033     0.122625     3.124924
  161    0.127029    0.774522   26.267503    0.334702     0.106328     2.923350
  162    2.312665    8.164102    2.509170    0.358476     0.097750     2.859327
  163    0.756158    1.845667    4.111935    0.330946     0.122368     2.055109
  164    2.463868    4.305052   23.328995    0.370412     0.084695     3.239897
  165    3.390932    4.791679   22.295286    0.402145     0.109846     2.522132
  166   10.126099    5.082156    1.205878    0.329286     0.094347     1.763962
  167    1.020578    1.212717   24.927602    0.334535     0.101392     2.074717
  168    6.875825    2.684972    1.520447    0.331643     0.102232     1.909387
  169    6.352034    0.541997    6.308765    0.339199     0.103487     2.264853
  170    6.586966    0.081381    7.832255    0.389178     0.105807     2.226380
  171    3.611090    1.346570   25.294509    0.337972     0.087030     3.265447
  172    8.808479    0.310437   24.616588    0.398608     0.109610     3.002672
  173    8.863795    6.032261    7.198206    0.315467     0.092512     1.811496
  174    9.167317    4.485791    7.421086    0.310029     0.087690     1.642750
  175    8.843575    4.196377   22.490596    0.398134     0.100824     2.615418
  176    0.653172    4.065941    3.109924    0.338219     0.107695     2.407456
  177    8.121306    7.061008   28.110714    0.325898     0.075630     2.038026
  178    1.245999    7.663406   28.477290    0.328751     0.095243     3.294859
  179    0.676029    7.561300   29.943410    0.329657     0.108151     3.012625
  180    7.656096    7.669149    6.388763    0.336112     0.112290     1.786244
  181    8.710736    7.315154    5.220097    0.327787     0.087377     2.173350
  182    8.167029    5.195108   27.268911    0.344829     0.122614     1.971033
  183    9.228595    4.254601   26.425993    0.337184     0.107542     2.424984
  184    8.646263    6.009587   29.164611    0.359435     0.127827     2.472369
  185    8.718727    4.727800    0.905109    0.333713     0.104469     2.997028
  186    5.909092    6.656763   28.462405    0.322586     0.098230     2.555703
  187    4.470537    6.551627   27.592308    0.334380     0.101910     2.143790
  188    1.165677    1.412732    2.637347    0.341759     0.092702     2.190730
  189    1.255551    7.692772   25.175099    0.338350     0.138972     2.189393
  190    1.679865    6.529734   24.169201    0.351951     0.106146     3.344027
  191    7.940290    2.817437    2.609988    0.336573     0.101111     2.846701
  192    4.883210    4.223592    6.008026    0.337728     0.106012     2.343285
  193    8.905837    7.667806   23.000686    0.314868     0.085025     1.605466
  194    0.610197    7.829953    3.956458    0.346072     0.096230     1.874776
  195    9.097764    6.170751   22.995293    0.356352     0.126807     2.097295
  196    4.433596    4.255092    7.463571    0.389425     0.106969     2.888293
  197    0.024083    6.545603    3.517056    0.325059     0.098101     2.002227
  198    2.208250    6.998402    5.247727    0.296830     0.090391     1.330362
  199    2.611877    8.465757    5.476754    0.335308     0.110961     2.115566
  200    7.022556    3.777651    4.807994    0.337218     0.112769     1.795751
  201    1.619692    1.363159    6.185770    0.314473     0.102325     1.337195
  202    4.108130    1.896092    2.539873    0.344930     0.104430     2.063576
  203    6.901348    2.296368    4.558478    0.354833     0.129373     2.261140
  204    2.703810    2.411954    3.199835    0.333522     0.126182     1.597444
  205    5.366358    0.148580   25.390988    0.320146     0.085868     1.740938
  206    5.794840    7.657162   26.198593    0.321301     0.094340     2.068478
  207    4.769455    1.465028    4.563419    0.320482     0.104817     2.186422
  208    4.763848    5.826257   23.551513    0.349033     0.114269     2.329024
  209    5.469811    8.777073    4.240926    0.319413     0.128471     1.520647
  210    5.743104    6.806607   24.216598    0.314864     0.086951     1.995543
  211    2.820759    5.041847   27.275088    0.357705     0.124337     3.055851
  212    4.193462    2.648062   27.520596    0.340522     0.118870     2.065358
  213    5.678114    2.648080   28.116590    0.319299     0.112671     1.972815
  214    4.259729    8.444382   28.930010    0.314260     0.082652     1.801395
  215    8.426714    2.832806    6.164497    0.261142     0.080476     1.107100
  216    1.059000    7.594600    7.033840    0.341448     0.095710     1.990195
  217    8.404791    2.123656    7.552397    0.338647     0.087249     2.073825
  218    4.087819    1.187030   28.957098    0.324294     0.093708     1.360665
  219    0.206174    0.106304    7.211735    0.335216     0.094750     2.443700
  220    5.635058    6.035642    1.343728    0.338479     0.097198     3.240491
  221    6.700893    7.156098    1.248724    0.316258     0.110099     1.765893
  222    0.181523    2.149711    6.097124    0.338068     0.102782     2.308080
  223    4.433586    0.896220   22.899898    0.332551     0.102988     3.243314
  224    1.740190    3.109161   26.655411    0.351200     0.100480     2.398246
  225    5.914598    1.419678   22.697597    0.361265     0.091979     4.356058
  226    8.604019    0.071185    1.200665    0.357326     0.087554     4.519308
  227    1.990171    2.486407   28.069314    0.328453     0.108637     1.734551
  228    4.140032    3.998610    2.509802    0.377502     0.137012     2.576350
  229    3.396256    4.951096    1.485314    0.330539     0.113852     1.603237
  230    5.630901    4.392800   25.023208    0.320108     0.103879     1.956030
  231    2.464750    5.198453    6.152716    0.340907     0.121221     2.321003
  232    1.485596    2.209867   22.827191    0.360588     0.112224     3.495690
  233    1.045057    5.227512    6.692666    0.325729     0.085096     2.435382
  234   10.081401    1.828806   23.282593    0.328814     0.080749     3.363486
  235    2.460877    6.336218   26.609702    0.323728     0.102723     2.039512
  236    8.731899    7.929829    2.294305    0.329649     0.103658     2.046048
  237    0.943653    2.222170    0.131733    0.349937     0.101511     4.175280
  238    1.058148    0.817992   29.380892    0.345278     0.142415     1.720736
  239    3.741069    1.784291    6.720688    0.363697     0.113545     3.226083
  240    3.023465    0.893937    7.810922    0.419751     0.142013     2.396166
  241    4.065480    7.053377    3.666958    0.362920     0.120794     2.797830
  242    5.265056    7.093018    2.745096    0.311490     0.093732     1.510249
  243    5.031706    0.848825    0.716096    0.340171     0.106314     2.509060
  244    5.063536    2.321300    0.365400    0.354535     0.095264     3.022577
  245    3.073802    4.836273   29.313308    0.366406     0.093872     3.193552
  246    1.742218    5.000810   30.014610    0.371721     0.124627     3.442215
 --------------------------------------------------------------------------------
    VACUUM CHARGE:               0.0000
    VACUUM VOLUME:               0.0000
    NUMBER OF ELECTRONS:      1456.3805
