    #         X           Y           Z        CHARGE     ATOM    DISTANCE
  -------------------------------------------------------------------------
    1      0.5810      7.9977     29.1088      7.2975     113      0.0131
    2      1.8485      8.5727      1.7756      7.2641     104      0.0222
    3      9.8763      7.4227      3.7126      7.3211     122      0.0312
    4      0.7394      1.4114      5.7572      7.3537     125      0.0264
    5      0.2113      0.1045      7.2099      0.3361     219      0.0057
    6      0.6866      8.1546      7.6942      7.3082     133      0.0312
    7      0.6338      7.6841      9.7926     10.8462      13      0.0206
    8      9.6122      1.2545      9.9540     11.0517       2      0.0150
    9      9.6122      8.4159     11.9448     10.9841      29      0.0287
   10      0.6338      0.3659     14.0433     11.0316      35      0.0127
   11      9.5066      1.0977     16.0879     10.9983      50      0.0126
   12      0.6338      7.6841     16.0879     10.9969      61      0.0126
   13      9.5066      8.3636     18.2401     10.9850      77      0.0237
   14      0.5281      0.4182     20.2847     11.0340      83      0.0250
   15      9.4010      7.0568     20.4999     10.8065      93      0.0176
   16      9.4538      7.0046     22.5445      7.3101     121      0.0286
   17      8.0278      0.0000     24.1049      7.3373     109      0.0171
   18      8.7672      0.3136     24.5892      0.3993     172      0.0497
   19      0.6866      0.5227     25.5038      7.3269     107      0.0236
   20      0.1584      0.7841     26.2571      0.3356     161      0.0344
   21      8.7672      0.0523     27.4947      7.3014     100      0.0309
   22      9.2425      0.1568     28.2479      0.3206     153      0.0425
   23     10.0876      1.8295     23.2978      0.3291     234      0.0164
   24      0.7394      2.3523     23.4592      7.3486     140      0.0258
   25      1.1619      1.4114      2.6365      0.3423     188      0.0041
   26      1.0563      0.8364     29.3778      0.3452     238      0.0187
   27      1.1091      2.1955      3.2283      7.3323     105      0.0386
   28      1.1619      1.8295     29.4317      7.3130     142      0.0282
   29      0.7394      1.8295      4.0892      0.3305     163      0.0325
   30      0.6338      1.7773     18.1863     10.9895      67      0.0198
   31      1.0035      1.2023     24.9658      0.3342     167      0.0431
   32      0.7922      1.8295     11.9986     10.9834      19      0.0257
   33      0.9507      2.1955      0.1076      0.3504     237      0.0367
   34      8.8200      2.7705      7.0485      7.4295     132      0.0356
   35      9.5066      2.5614     14.0433     10.9732      38      0.0127
   36      9.4010      2.6659     20.0157     11.0868      86      0.0303
   37      0.2113      2.1432      6.0800      0.3377     222      0.0349
   38      0.6338      3.2932     16.0879     10.9657      54      0.0126
   39      2.4295      2.6659     27.1718      7.3369     137      0.0316
   40      0.7394      3.3977      9.9002     11.0419       6      0.0314
   41      0.4753      3.7114     24.5353      0.2949     150      0.0150
   42      0.6866      4.2341     25.3424      7.4332      98      0.0182
   43      1.7429      3.0841     26.6876      0.3508     224      0.0409
   44      2.0069      2.5091     28.0327      0.3291     227      0.0462
   45      9.5594      4.0250     11.8372     10.9789      22      0.0192
   46      9.4538      4.0250     18.1325     10.9909      70      0.0278
   47      9.5066      5.0705      0.4843      7.3500     116      0.0265
   48      9.1897      4.2341     26.4185      0.3363     183      0.0446
   49      0.9507      4.9136      2.8517      7.2839     111      0.0363
   50      8.2919      4.3909     26.6338      7.3391     115      0.0210
   51      0.6338      4.0773      3.1207      0.3381     176      0.0249
   52      0.5810      4.6523     20.3385     11.0437      90      0.0161
   53     10.0876      5.0705      1.1837      0.3293     166      0.0460
   54      9.1897      4.4955      7.4252      0.3105     174      0.0247
   55      0.6338      4.7568     14.0433     10.9979      42      0.0127
   56      9.4538      5.3841      7.6942      7.3612     110      0.0259
   57      8.8200      4.1818     22.4907      0.3970     175      0.0277
   58      8.6088      4.5477     23.3516      7.2681     103      0.0305
   59      1.6372      5.7500      6.1338      7.3453     139      0.0208
   60      1.0563      5.2273      6.6719      0.3249     233      0.0236
   61      9.6122      5.4364      9.7926     10.8439       9      0.0229
   62      9.5066      5.4886     16.0879     11.0235      57      0.0126
   63      7.8694      6.2205     28.5170      7.2958     112      0.0322
   64      0.5281      6.1159     18.2401     10.9767      74      0.0191
   65      8.6616      6.0114     29.1626      0.3596     184      0.0155
   66      0.6866      6.2205     11.9448     10.9557      26      0.0253
   67      8.1862      5.1750     27.2794      0.3453     182      0.0297
   68      9.0841      6.1682     22.9750      0.3573     195      0.0246
   69      0.0000      6.5864      3.5512      0.3254     197      0.0584
   70      0.9507      5.1227     25.2348      0.2770     149      0.0117
   71      1.4260      6.6909     25.0734      7.3052     118      0.0421
   72      9.5066      6.9523     14.0433     11.0004      45      0.0127
   73      0.6866      7.5796     29.9159      0.3298     179      0.0347
   74      8.7144      7.3182      5.2191      0.3287     181      0.0048
   75      8.0806      6.9000      5.8110      7.3371     114      0.0291
   76      8.0806      8.2068      1.6142      7.3153     135      0.0136
   77      8.7144      7.9455      2.2598      0.3294     236      0.0417
   78      1.2675      7.6841     25.1810      0.3387     189      0.0159
   79      8.9256      7.6318     22.9750      0.3155     193      0.0485
   80      2.7464      6.0114     27.4947      7.3229     141      0.0291
   81      1.0563      7.5796      7.0485      0.3424     216      0.0212
   82      1.8485      2.4045     20.2847     11.1166      87      0.0230
   83      2.2710      7.8409      4.7887      7.3673     123      0.0365
   84      1.2147      7.6841     28.5170      0.3286     178      0.0546
   85      0.5810      7.8409      3.9278      0.3458     194      0.0424
   86      2.4823      6.3250     26.6338      0.3232     235      0.0341
   87      1.9013      6.8477     20.2309     11.0191      94      0.0302
   88      1.4788      2.1955     22.8136      0.3606     232      0.0210
   89      1.7429      5.0182     30.0235      0.3718     246      0.0195
   90      1.7429      8.2591     18.1325     10.9823      78      0.0183
   91      2.6407      5.2273      0.0000      7.2367     146      0.0239
   92      1.8485      3.9727     18.2401     10.9702      71      0.0293
   93      1.9013      1.0977     16.0879     11.0268      51      0.0126
   94      1.9013      2.5614     14.0433     10.9988      39      0.0127
   95      1.9013      4.0773     11.8910     10.9755      23      0.0211
   96      2.7992      5.0705     27.2794      0.3577     211      0.0361
   97      1.9013      6.9523     14.0433     10.9983      46      0.0127
   98      2.2182      7.0046      5.2191      0.2964     198      0.0309
   99      1.8485      8.4159     11.9448     10.9944      30      0.0338
  100      2.0598      1.1500      9.9540     11.0524       3      0.0131
  101      1.9013      5.4886     16.0879     10.9959      58      0.0126
  102      3.0632      5.0705     23.1902      7.3030     106      0.0264
  103      2.4823      4.3386     23.2978      0.3710     164      0.0494
  104      1.6901      6.5341     24.1587      0.3505     190      0.0153
  105      2.1126      5.4886      9.6850     11.0097      10      0.0297
  106      3.0104      1.0977      6.8333      7.2717     143      0.0211
  107      1.5844      1.3591      6.1876      0.3133     201      0.0355
  108      3.0104      0.8886      7.8018      0.4191     240      0.0168
  109      2.3238      8.1546      2.4751      0.3581     162      0.0371
  110      3.0632      4.8614     29.3240      0.3664     245      0.0293
  111      3.1161      4.8091     20.1233     11.0963      91      0.0352
  112      3.0632      0.2614     20.1233     11.0700      84      0.0381
  113      3.0104      6.1682     18.0787     10.9843      75      0.0286
  114      2.5879      8.4682      5.4882      0.3347     199      0.0267
  115      3.2217      3.2409      9.9002     11.0602       7      0.0316
  116      2.4295      5.2273      6.1338      0.3411     231      0.0493
  117      4.0667      4.1818      6.5643      7.3257     120      0.0289
  118      1.9013      4.9136      2.9055      0.3787     151      0.0391
  119      3.0632      1.7773     18.0787     10.9914      68      0.0355
  120      3.3801      4.8091     22.3293      0.4011     165      0.0397
  121      3.1689      7.6841     16.0879     11.0026      62      0.0126
  122      3.2217      7.5796      9.9540     11.0556      14      0.0312
  123      3.1689      3.2932     16.0879     11.0215      55      0.0126
  124      3.3801      4.9659      1.5066      0.3309     229      0.0305
  125      3.2217      6.2727     12.0525     10.9966      27      0.0270
  126      3.1689      0.3659     14.0433     10.9945      36      0.0127
  127      3.1689      4.7568     14.0433     10.9967      43      0.0127
  128      3.4329      1.8818     11.9448     10.9836      20      0.0149
  129      3.9083      4.9659      2.3136      7.3145     138      0.0363
  130      3.8026      0.3659     29.3778      7.3830     131      0.0355
  131      2.5879      0.2091      1.3451      0.3695     157      0.0452
  132      2.7464      2.4045      3.2283      0.3336     204      0.0517
  133      3.6970      2.3523      3.2821      7.3440     126      0.0349
  134      3.6442      1.3591     25.2886      0.3383     171      0.0359
  135      3.7498      1.7773      6.7257      0.3642     239      0.0123
  136      4.3836      1.4114     24.8044      7.3763     102      0.0049
  137      4.1195      4.0250      2.5289      0.3775     228      0.0385
  138      4.0667      7.0568      3.6588      0.3631     241      0.0090
  139      5.2286      0.8364     22.3293      7.2835     136      0.0213
  140      4.4364      0.8886     22.8674      0.3339     223      0.0335
  141      4.1195      1.8818      2.5289      0.3452     202      0.0213
  142      5.2814      1.7250      1.0761      7.2969     145      0.0321
  143      4.4364      4.2341      7.4252      0.3883     196      0.0439
  144      4.0667      1.1500     28.9474      0.3243     218      0.0437
  145      4.5420      5.3841      9.9002     11.0612      11      0.0207
  146      4.3836      8.3636     18.1863     10.9797      79      0.0231
  147      4.4364      8.4159     11.9986     10.9834      31      0.0222
  148      4.7533      2.5614     28.3555      7.3484     130      0.0300
  149      4.4364      4.1818     12.0525     10.9898      24      0.0301
  150      4.2780      6.9523     20.0695     11.0561      95      0.0270
  151      4.8061      1.4636      4.5735      0.3206     207      0.0380
  152      4.4364      2.5614     14.0433     10.9976      40      0.0127
  153      4.3836      2.5091     20.0695     11.0294      88      0.0290
  154      4.3308      4.0250     18.1325     10.9826      72      0.0190
  155      4.2252      8.4682     28.9474      0.3142     214      0.0454
  156      5.2286      7.1091     27.9251      7.3410     117      0.0228
  157      5.0702      2.3000      0.3766      0.3548     244      0.0250
  158      4.4364      5.4886     16.0879     11.0025      59      0.0126
  159      4.4364      6.9523     14.0433     11.0157      47      0.0127
  160      4.5420      1.0455      9.7926     11.0841       4      0.0289
  161      4.4364      1.0977     16.0879     10.9776      52      0.0126
  162      4.4892      6.5864     27.6023      0.3342     187      0.0407
  163      6.0208      8.2591     25.4500      7.3568     127      0.0351
  164      5.6511      0.9409      4.5735      7.3645     128      0.0246
  165      4.2252      2.6659     27.5485      0.3401     212      0.0458
  166      5.0174      7.3705      3.6588      7.2977     144      0.0298
  167      5.3871      0.1568     25.3962      0.3202     205      0.0229
  168      4.8589      2.1955     25.0196      0.2786     158      0.0422
  169      5.8096      7.6841     26.2033      0.3219     206      0.0311
  170      5.0174      0.8886      0.6995      0.3403     243      0.0455
  171      5.8096      3.5545     25.4500      7.3706      99      0.0196
  172      5.6511      5.9068     23.8897      7.3520     129      0.0208
  173      6.1265      5.2795      4.9501      7.3117      97      0.0220
  174      5.8096      6.9000      1.0223      7.3393     134      0.0261
  175      4.8061      5.8545     23.5668      0.3486     208      0.0531
  176      5.5455      6.0114      4.5197      0.3757     148      0.0434
  177      5.2814      7.1091      2.7441      0.3121     242      0.0230
  178      5.7568      6.7955     24.2125      0.3152     210      0.0181
  179      5.5983      0.3659     20.3923     10.8164      81      0.0296
  180      5.6511      4.3909     25.0196      0.3198     230      0.0207
  181      5.4927      0.0000      4.2506      0.3198     209      0.0253
  182      4.8589      4.2341      6.0262      0.3386     192      0.0321
  183      5.6511      3.3455      9.8464     11.0566       8      0.0098
  184      5.5983      4.7045     20.2309     11.0464      92      0.0241
  185      5.6511      6.1159     18.1863     10.9759      76      0.0182
  186      5.6511      6.0636      1.3451      0.3385     220      0.0323
  187      5.7040      7.7364      9.8464     11.0823      15      0.0269
  188      5.6511      6.3250     11.8910     10.9825      28      0.0177
  189      5.8096      1.7773     18.1325     10.9842      65      0.0263
  190      5.7040      4.7568     14.0433     10.9745      44      0.0127
  191      5.7040      0.3659     14.0433     10.9672      33      0.0127
  192      5.7040      3.2932     16.0879     10.9983      56      0.0126
  193      5.7040      7.6841     16.0879     10.9960      63      0.0126
  194      5.7568      1.8295     11.9448     10.9892      17      0.0358
  195      7.0243      0.3136      6.9947      7.3291     108      0.0347
  196      6.6018      0.1045      7.8018      0.3879     170      0.0410
  197      6.3906      0.5227      6.3491      0.3402     169      0.0590
  198      5.9152      6.6386     28.4632      0.3230     186      0.0191
  199      7.6053      2.9795      4.7887      7.3105     124      0.0246
  200      6.9187      2.3000      4.5735      0.3552     203      0.0232
  201      7.0243      3.7636      4.7887      0.3373     200      0.0239
  202      7.6581      7.6841      6.4029      0.3358     180      0.0206
  203      6.8131      8.3636     18.3477     10.9753      80      0.0267
  204      5.9152      1.4114     22.7060      0.3628     225      0.0118
  205      6.9187      2.5614     20.2847     11.0504      85      0.0291
  206      6.8131      6.8477     20.2309     11.0157      96      0.0155
  207      7.0771      1.2023      9.7926     11.0412       1      0.0305
  208      6.9187      3.9727     11.8910     10.9808      21      0.0165
  209      6.8659      5.5409      9.9002     11.0417      12      0.0314
  210      5.6511      2.6659     28.1403      0.3192     213      0.0401
  211      6.9187      5.8023      5.2729      0.3458     147      0.0233
  212      7.0243      3.9727     18.1863     10.9791      69      0.0079
  213      6.9715      1.0977     16.0879     11.0026      49      0.0126
  214      6.9715      2.5614     14.0433     11.0242      37      0.0127
  215      6.9187      2.7182      1.5066      0.3317     168      0.0560
  216      6.9715      5.4886     16.0879     10.9751      60      0.0126
  217      6.9715      6.9523     14.0433     10.9762      48      0.0127
  218      7.0243      8.3636     11.8910     10.9803      32      0.0334
  219      7.7637      2.9795      1.6680      7.3513     119      0.0188
  220      7.3940      2.4045     28.6246      7.2868     101      0.0254
  221      7.6581      4.7045     23.2978      0.3634     160      0.0254
  222      6.7074      7.1614      1.2375      0.3163     221      0.0140
  223      7.5525      2.5614     29.4855      0.3612     155      0.0523
  224      7.9222      0.4705     27.7099      0.3641     154      0.0295
  225      8.1334      4.7568     20.1233     11.0756      89      0.0192
  226      7.8694      3.1364     28.0865      0.3527     156      0.0164
  227      7.3940      8.5205     24.7506      0.2886     159      0.0493
  228      8.3975      2.1432      7.5328      0.3382     217      0.0286
  229      8.4503      2.8227      6.1876      0.2619     215      0.0346
  230      8.0806      3.3977      9.9540     11.0190       5      0.0230
  231      6.7074      3.6068     25.6653      0.3116     152      0.0327
  232      7.9222      2.8227      2.5827      0.3360     191      0.0332
  233      8.7144      4.7568      0.9147      0.3337     185      0.0309
  234      8.1334      7.0568     28.1403      0.3258     177      0.0323
  235      8.8728      6.0114      7.2099      0.3158     173      0.0256
  236      8.1334      0.4182     20.2847     11.0339      82      0.0260
  237      8.1862      1.7773     11.9448     10.9868      18      0.0255
  238      8.2919      6.1159     11.9986     10.9840      25      0.0245
  239      8.2391      6.3773     18.2401     10.9909      73      0.0247
  240      8.2391      0.3659     14.0433     11.0026      34      0.0127
  241      8.1862      1.7773     18.1863     10.9854      66      0.0291
  242      8.2391      4.7568     14.0433     11.0273      41      0.0127
  243      8.2919      7.6841      9.9540     11.0420      16      0.0158
  244      8.2391      3.2932     16.0879     10.9971      53      0.0126
  245      8.2391      7.6841     16.0879     11.0072      64      0.0126
  246      8.6088      0.0523      1.1837      0.3581     226      0.0258
  -------------------------------------------------------------------------
