,Planar,Macroscopic
0,4.4998375763343175,4.337986190527863
1,4.46490018304104,4.364944488256512
2,4.402206053068342,4.377910397420142
3,4.333980995564999,4.374958950823485
4,4.284117843200053,4.355229167906174
5,4.269388502936207,4.319244724402752
6,4.28771387326146,4.269563783496744
7,4.32237088211065,4.2090365409175785
8,4.343453197448037,4.139508266633335
9,4.328413091523707,4.06262157314458
10,4.267687553008114,3.979690629938164
11,4.161120916600145,3.8918537617034943
12,4.0015416708724185,3.8002664412032243
13,3.8001223333144925,3.7053274483758307
14,3.59001312383285,3.605421585639075
15,3.4012255747077873,3.498498193071662
16,3.2470597603723323,3.3835364745064678
17,3.1220351854054997,3.2614958566820564
18,3.0070805986188285,3.1361692392216862
19,2.8838365548169858,3.0130460839196767
20,2.7536342840634647,2.8975190198888545
21,2.6250791246719145,2.7938054722005816
22,2.485812313938461,2.7056121742390697
23,2.344767436722766,2.6358610009727994
24,2.2184029390879725,2.5851822686269017
25,2.1256397612712403,2.552500640323836
26,2.0875740831613694,2.536547980948066
27,2.1121962960875353,2.536294779471877
28,2.1882004004533195,2.5517450665372916
29,2.294277058211232,2.5839032999739366
30,2.4140623075652043,2.6330178127222283
31,2.544601214521631,2.6974420622117887
32,2.677795941606705,2.7746774333838946
33,2.812956265252598,2.86130783592743
34,2.959911891608462,2.9535052468895837
35,3.1174775588340946,3.0469970433727216
36,3.2851857657962915,3.137378704769503
37,3.462684756676595,3.219784387548052
38,3.6376955135327225,3.2902621356034505
39,3.7847156154839987,3.3475259098040073
40,3.876048995036379,3.392590594396633
41,3.904114682506397,3.427573005437574
42,3.877956336406743,3.4547498420325247
43,3.808492097967718,3.4744969799345373
44,3.7144439883034446,3.484591747347169
45,3.5954985861014066,3.4813663773199663
46,3.456799865450498,3.461825106034583
47,3.3250249938212444,3.424984653077805
48,3.2252266302324677,3.372186540512975
49,3.1742846132585707,3.3077894585135166
50,3.1669790003158105,3.238278682499005
51,3.1684047474888284,3.1691775529778226
52,3.141617705035826,3.1034956719330125
53,3.0594208983444386,3.0415912761929933
54,2.933442882659394,2.9823261921725233
55,2.7995566034545893,2.9264830104317197
56,2.687329487365788,2.8776681784641025
57,2.6255681394937516,2.8404844427971128
58,2.624855026775173,2.8178616849516214
59,2.6602943511251085,2.809982893501544
60,2.6956824776001627,2.814795329236042
61,2.694212974647369,2.8302135914747746
62,2.6476724759349826,2.855660955929509
63,2.5903213147669435,2.89317449016324
64,2.5781328900333857,2.9453538399696173
65,2.6557177518154322,3.013878116375555
66,2.81801698901362,3.098270697532861
67,3.0324663671571934,3.1954672656985514
68,3.253602843536767,3.2992766141928556
69,3.4459334677860176,3.40248042645555
70,3.5996702652210466,3.4993794900753263
71,3.7346645145515973,3.5881282810619037
72,3.872671179174186,3.6684587550652554
73,4.032993578761468,3.738261323569606
74,4.206395948197294,3.7928296368730168
75,4.375106366476171,3.8256964003054423
76,4.493423299672644,3.8319051608286094
77,4.51796297185362,3.8101979372173926
78,4.439865622756133,3.7636633267897457
79,4.291691212405768,3.698535550175865
80,4.09362100799531,3.621977428610328
81,3.846767547845257,3.5396972677960146
82,3.5603625294947783,3.455284696435722
83,3.247319493599097,3.3701550510973077
84,2.92977467843062,3.2854846233660746
85,2.64173634215528,3.2031540374539285
86,2.4159798558391383,3.1275626775228162
87,2.2736334887361593,3.0653180784536898
88,2.2216240770413886,3.023051269641373
89,2.2536216198939427,3.0036817783465124
90,2.3532448946889204,3.0060641784722937
91,2.500659962670004,3.027425677407855
92,2.6823282490351037,3.0643387841895784
93,2.893155820057542,3.113582718998807
94,3.1327788209126255,3.172202820753616
95,3.3975601886093507,3.23805756582186
96,3.6790630641344313,3.308485449230191
97,3.9430403690982696,3.379099326479248
98,4.136504210259376,3.443731715309419
99,4.2312745286853675,3.4961044635972787
100,4.224798451565781,3.5312234883022047
101,4.133710320165222,3.546666333267138
102,3.9849365100171883,3.5425705145281636
103,3.8271217533836674,3.520963924264075
104,3.6836817571891,3.484640530684301
105,3.544683279219195,3.4354535068129257
106,3.3850070759844586,3.3734274651217167
107,3.196331089075419,3.2989340245342693
108,2.9853873393775916,3.2145580228962682
109,2.7786311720388004,3.1253922423137954
110,2.6086035117335604,3.037572312760422
111,2.504237195303955,2.955997506042429
112,2.4789577364766893,2.8838976925201503
113,2.512193758924589,2.820809617645056
114,2.562594313692664,2.7623181729172077
115,2.602158438524219,2.70374209281831
116,2.617736180775357,2.6435957926059217
117,2.626290478200854,2.584409819789587
118,2.6440397196050553,2.5307721442118005
119,2.6653637992413617,2.4865091101545738
120,2.687139866616162,2.4532477176042686
121,2.6915364056319726,2.4297929442221142
122,2.6308357520878305,2.4126514639316987
123,2.4903138374390412,2.398471952212731
124,2.3023736721614623,2.3863657824556803
125,2.1309835783814,2.3785783507752516
126,2.019909178977444,2.3770125742990738
127,1.981896559008714,2.3811265268154136
128,2.0098984458280595,2.3892957074359265
129,2.0820512744251727,2.400734396769026
130,2.1704110912492154,2.415727691143907
131,2.256962547983173,2.435500459403113
132,2.3446832580657517,2.4635216409420573
133,2.4619846682764996,2.5048628947800906
134,2.5895522042041637,2.5634532678575805
135,2.70034162349497,2.6388754008223123
136,2.791084970774283,2.728264699823859
137,2.871260207237151,2.828917961023044
138,2.957019165364026,2.9394925957186864
139,3.0474462342976825,3.060540220765672
140,3.135217019788835,3.1938258392739396
141,3.234456406523636,3.3407739659025646
142,3.3570003875562735,3.500477637168867
143,3.488581971746569,3.668254497348145
144,3.628916561005293,3.8391737029898345
145,3.7936552605940457,4.010305742122381
146,4.000241870349611,4.180575847887958
147,4.260908525270924,4.348496587005438
148,4.569552224398019,4.511501350520399
149,4.902028827298427,4.667262484101764
150,5.219349340859202,4.813865200519245
151,5.481968151503484,4.94876163180508
152,5.666097905754585,5.068713796052058
153,5.780718327880815,5.171558042018793
154,5.855946874554664,5.254845377987576
155,5.893833511351783,5.315050397646828
156,5.891104908633324,5.3464608635283435
157,5.85114663876224,5.340665952954791
158,5.774065915303506,5.287159037454679
159,5.662592169668673,5.176010376155509
160,5.516139344001891,4.998364722112072
161,5.3397783991478,4.748541840433717
162,5.128088608443378,4.42506916456499
163,4.87734561446059,4.027689245467785
164,4.565630256216897,3.556265008378838
165,4.156600134946974,3.0122296281544245
166,3.6064277453960027,2.398603084423127
167,2.9013529239133686,1.7196114753330363
168,2.021727568077345,0.980843763657346
169,0.9851562812930921,0.1891192580314769
170,-0.15641025988250273,-0.6475008401362445
171,-1.3721202158688797,-1.520120972965296
172,-2.6296893930463865,-2.418673909338328
173,-3.898803332687671,-3.3321227722552527
174,-5.154172878530036,-4.247707437792864
175,-6.370702324859405,-5.150242326345075
176,-7.523752894858908,-6.021964351319763
177,-8.588448931596968,-6.8442986456398
178,-9.543022423017081,-7.597807662240431
179,-10.36738399177514,-8.264358469229704
180,-11.045864246271186,-8.829325309316195
181,-11.56473391804407,-9.28052177613664
182,-11.914893723460098,-9.608593210276597
183,-12.08902785899281,-9.807005169397101
184,-12.084568704148415,-9.872063256303107
185,-11.900664373847265,-9.80293729885632
186,-11.54143473073402,-9.601866351029859
187,-11.012758244513833,-9.274119326767304
188,-10.325813381439344,-8.827981152530674
189,-9.493656618636901,-8.274625297252776
190,-8.534975207565612,-7.628224293794029
191,-7.470218596856746,-6.905121284644872
192,-6.325218442838161,-6.12402708931718
193,-5.126435090817196,-5.304986554339799
194,-3.9044758339826426,-4.4698737630014325
195,-2.6890024948709366,-3.6419529222755287
196,-1.5125352867577158,-2.8437620032334183
197,-0.40697859677293785,-2.0978631376711125
198,0.589353815986224,-1.4256165692727405
199,1.4511202466407316,-0.8454910669164295
200,2.1448017924383245,-0.37273278035085283
201,2.65370177060005,-0.01981419000781291
202,2.9474615399422004,0.20414056629489868
203,3.0019107592189935,0.2934483186820301
204,2.8260018120239803,0.2458313453287009
205,2.4134213356076577,0.06237604164642437
206,1.7746248497313506,-0.2524311353891366
207,0.9486024237766999,-0.6906969192225185
208,-0.025326049385232627,-1.2410043010697847
209,-1.1176839706820247,-1.8892071449324992
210,-2.2940328293893497,-2.618299873169569
211,-3.5188955478488317,-3.4094379786933424
212,-4.761581354342568,-4.241507786354791
213,-5.991197961151913,-5.091526307620899
214,-7.17906447339781,-5.936806537978843
215,-8.295762705773813,-6.754139900955798
216,-9.316179057264568,-7.521063224553678
217,-10.216530942888134,-8.217458731443902
218,-10.978867315828925,-8.825932930788454
219,-11.586784128827873,-9.331277118173196
220,-12.029794997963869,-9.721144721522535
221,-12.29842262357097,-9.986109252469477
222,-12.389042334418988,-10.119837757780275
223,-12.298579197977551,-10.119044962433556
224,-12.029994975030483,-9.983773292263502
225,-11.586516700247294,-9.717189545624912
226,-10.9778616375872,-9.325677203348926
227,-10.213879343607333,-8.818476107967445
228,-9.311649689677463,-8.208027232656857
229,-8.288257104893798,-7.509522671846217
230,-7.168694449936921,-6.7414967931847585
231,-5.976927644910989,-5.923773506839677
232,-4.744174410336841,-5.076917324145185
233,-3.497255266279224,-4.222820078189439
234,-2.2689568962967934,-3.3836909575980583
235,-1.0869112260214815,-2.5804977690770303
236,0.009212439761665194,-1.836214175367738
237,0.9862979657636045,-1.1739429214595503
238,1.7946708179424364,-0.6106231894378469
239,2.420596530640511,-0.16140032822663142
240,2.8543689540818518,0.16234425309843228
241,3.075171229225866,0.3525601394626715
242,3.0743291956143812,0.4048639940280662
243,2.87096069313118,0.31774531394727323
244,2.4192430491800616,0.09334985196905003
245,1.7070032267400528,-0.263070291600217
246,0.8281054867131923,-0.7423027673446007
247,-0.2022456030919168,-1.3319598029435418
248,-1.341291986085775,-2.015552548560564
249,-2.553041690354683,-2.7749144118220084
250,-3.802705028159736,-3.5904541588511893
251,-5.0653915077335,-4.440911758990632
252,-6.30807521190481,-5.304064649849044
253,-7.502473810268287,-6.158599273154335
254,-8.616972123637241,-6.980545174175164
255,-9.627528675017336,-7.7454454961010475
256,-10.509998603163965,-8.434312298706889
257,-11.247917008065476,-9.029547356613657
258,-11.825346492443416,-9.5165739942655
259,-12.233065573284096,-9.883755583462122
260,-12.462422839837046,-10.12247659150733
261,-12.510662526364055,-10.226878201832198
262,-12.375783169194866,-10.19446646899407
263,-12.061202567925845,-10.026018728901649
264,-11.571496960191928,-9.725790841278119
265,-10.916476645413779,-9.300978120272172
266,-10.107771463818944,-8.761752831225222
267,-9.162310295893857,-8.121090573627223
268,-8.09968317297347,-7.395638440810466
269,-6.94462049358113,-6.603721974110436
270,-5.7246640208185005,-5.765254399178561
271,-4.470414488604715,-4.9054691234262355
272,-3.212870146413705,-4.047095632626655
273,-1.9808996969103134,-3.2123084363388354
274,-0.8039434003188343,-2.423394290965789
275,0.28400362869848805,-1.7047081667433956
276,1.232791898258216,-1.0747898982683994
277,2.021430827316434,-0.55013472764239
278,2.6299935089367024,-0.14498162947276136
279,2.9654724371777954,0.13059041662477652
280,3.0749396651975713,0.2699204054990663
281,2.96496696525492,0.2696838639172953
282,2.6289576565229384,0.12988136948653167
283,2.019873590589311,-0.1461588615418574
284,1.2307573687309745,-0.5517745675328268
285,0.28148277537429445,-1.0768827561607017
286,-0.8069274059201539,-1.7072428977321283
287,-1.984323663825444,-2.426357833754807
288,-3.2167242210812867,-3.2156863071680495
289,-4.474672237076595,-4.050871529455172
290,-5.729315046167445,-4.909631070959844
291,-6.94962385542132,-5.769790513987072
292,-8.105026108156286,-6.608623979002548
293,-9.16794376660326,-7.400900097921978
294,-10.11369065002746,-8.12671541276239
295,-10.922638021091776,-8.767747530130917
296,-11.577919012501667,-9.307361662058128
297,-12.067861563990418,-9.732591145461885
298,-12.382732081886534,-10.033281411997734
299,-12.51790300923517,-10.202252664914084
300,-12.47004471375564,-10.235275234212912
301,-12.24109654996042,-10.13159606725576
302,-11.833918298396455,-9.893745004670055
303,-11.2570953372592,-9.527613490644487
304,-10.519981780609932,-9.04186249716908
305,-9.638454365093102,-8.44816290619834
306,-8.629149018726558,-7.761048273016101
307,-7.5161547895708765,-6.998044523250374
308,-6.323721293546349,-6.17817224568562
309,-5.083398850192564,-5.326146191095374
310,-3.823706981613579,-4.466404922993571
311,-2.5775765141430664,-3.6208453124257027
312,-1.370172767470134,-2.811988231718906
313,-0.2360453836184356,-2.0611240391233
314,0.7901443847785747,-1.3874399007393894
315,1.666205931792692,-0.8084304228711447
316,2.374968914279017,-0.34007046491480275
317,2.8185659733893,0.005369291089077392
318,3.0052981120768143,0.21896307665979176
319,2.978976440261212,0.2956545022748726
320,2.725509154325883,0.23351804811303584
321,2.2584601294617177,0.03430606518868354
322,1.6063327103004612,-0.2973345168415629
323,0.7837162365352969,-0.7531418531727306
324,-0.1986697755124149,-1.321631757305431
325,-1.2982391815010303,-1.987628776589105
326,-2.479033153273491,-2.734085300207992
327,-3.7029531891211125,-3.537599130140217
328,-4.9421631565266395,-4.374708803868888
329,-6.163392206781404,-5.223872420802596
330,-7.33970324401457,-6.062611740049285
331,-8.440577437579455,-6.869060558064774
332,-9.442673889610031,-7.623135349775617
333,-10.321740415313444,-8.305789845890926
334,-11.061248510860947,-8.89913603846893
335,-11.644682965390745,-9.388267455053818
336,-12.062676015039253,-9.761233630955862
337,-12.305968664545555,-10.009236472054674
338,-12.371798592114503,-10.126392424290481
339,-12.257618594817092,-10.110084562231059
340,-11.967013540494715,-9.960846740587025
341,-11.504064693540283,-9.682499459006081
342,-10.878901241916457,-9.281907417822266
343,-10.10260468002903,-8.768834447331367
344,-9.192424319510273,-8.155582985219436
345,-8.167004328899731,-7.457719127156961
346,-7.050970296771172,-6.694175176303045
347,-5.869850689711764,-5.8865381023892205
348,-4.653422454421983,-5.058554446338235
349,-3.430326369122468,-4.234853713987031
350,-2.23201714830138,-3.438373111968341
351,-1.08642694647727,-2.690297560183339
352,-0.02272219284617438,-2.0101307520106015
353,0.9168664797338011,-1.4153813642671482
354,1.6811151003312754,-0.9212733744088837
355,2.231498665903271,-0.5404532495704896
356,2.531907216803245,-0.2827180250657919
357,2.568994587504571,-0.15473340079905865
358,2.3696372958416734,-0.1595529581072633
359,1.961295238589765,-0.29693752689261016
360,1.3641013051928177,-0.563304273396078
361,0.6028842993531236,-0.9519333414808158
362,-0.29848050206151217,-1.453129756867931
363,-1.312242081808631,-2.0535890773315604
364,-2.4117362556866144,-2.736159347066514
365,-3.5661274529105667,-3.4806598918858187
366,-4.740174485969668,-4.264296439414297
367,-5.9032486072587105,-5.063041055214432
368,-7.026618585363803,-5.854142782759776
369,-8.081750172002552,-6.616265573500783
370,-9.04425766981425,-7.329350652634095
371,-9.891401288611515,-7.97497800719045
372,-10.605149754897901,-8.536582222141131
373,-11.169511140844207,-8.99976643476344
374,-11.573550638709355,-9.352506238043732
375,-11.808408496897881,-9.58545995821392
376,-11.870193799974498,-9.692436761699344
377,-11.756914994748367,-9.670144402210912
378,-11.471430119206827,-9.518238336918495
379,-11.01840808266123,-9.239317006798991
380,-10.407356371173776,-8.838942349815639
381,-9.649557909010236,-8.325446583800748
382,-8.761052714731843,-7.709931195658669
383,-7.759294415973953,-7.0064244842109895
384,-6.665756948707268,-6.2307422330488205
385,-5.501986136466933,-5.39945613453833
386,-4.292309410100301,-4.529834686639421
387,-3.061166229851476,-3.6388407753287697
388,-1.8375138441139396,-2.741974184347425
389,-0.6484775003434493,-1.8529890977290657
390,0.47412723165950516,-0.9841670970518379
391,1.493609665214052,-0.14636818861383472
392,2.388729882209666,0.6512099140989281
393,3.1547412762909812,1.4004252147174308
394,3.782992262205832,2.0941615007533216
395,4.280975408843342,2.726537610620401
396,4.67216851845739,3.2930715492656795
397,4.98332347646922,3.790723969111001
398,5.231439641016325,4.217288882212172
399,5.430822442873817,4.571396909212064
400,5.595353134097896,4.853704379788563
401,5.726580995159096,5.068145021411812
402,5.821496199938768,5.220399045963631
403,5.880783841140492,5.31658936495573
404,5.905301485514705,5.363951555538644
405,5.896577327364311,5.370144677992123
406,5.840654591707128,5.342267669669464
407,5.725466985654618,5.2863573586266135
408,5.555661702036481,5.207710774437242
409,5.353541214432555,5.110893563407412
410,5.129302324142367,4.999637770723605
411,4.886167018148782,4.877416277203111
412,4.635511692698287,4.747635083265461
413,4.392451613005978,4.6133473090418
414,4.170382368649518,4.476267468348272
415,3.976937877697908,4.336788567052757
416,3.81580112560767,4.195970868270809
417,3.6881126443368815,4.056098933317146
418,3.592748865789344,3.9193337586016757
419,3.526594111790218,3.785301919971852
420,3.4854347090610434,3.6526885478609077
421,3.4636039051146144,3.521611156097538
422,3.437864353031184,3.393941551376494
423,3.3859571040450445,3.272135066747713
424,3.3059360136320532,3.158454569857157
425,3.207772156488681,3.0549934805980907
426,3.093888557158011,2.963452956135015
427,2.9409681190957335,2.884593094518701
428,2.742261626145376,2.8175593373056955
429,2.5267739664081206,2.761146069348591
430,2.3374588077195093,2.7148345107089087
431,2.199934889687914,2.6788184653564193
432,2.1241334246195063,2.653737671245859
433,2.11463827103473,2.641075846603039
434,2.168071685272306,2.6420280317405154
435,2.268635135243236,2.6560570813300526
436,2.386141235955246,2.6814567813889743
437,2.5111552885623376,2.71846043661297
438,2.6518266535467565,2.7689341570783825
439,2.815315088769811,2.834254505811597
440,2.986410059041094,2.913515510082961
441,3.1580442604742833,3.004410675083416
442,3.3230753461066302,3.1039412698782862
443,3.4602950491003472,3.208845022176982
444,3.5510831582186055,3.314944724473426
445,3.607033913127653,3.4174351916128436
446,3.6507885945228105,3.5125658419636028
447,3.702540243605976,3.5977330906847076
448,3.7641568846040547,3.6703691155789215
449,3.836047859696106,3.7272132360918793
450,3.915684130927179,3.765061112511558
451,4.00290581241124,3.7813853496475414
452,4.077866326608294,3.774713365981432
453,4.113463543752748,3.7454410716901254
454,4.098492942268908,3.6953805035661285
455,4.044165765542215,3.6260563564414077
456,3.959275101642612,3.5380405537967015
457,3.838509258003045,3.4295846950561466
458,3.6676718345953256,3.2990411968810647
459,3.451880528921987,3.1467788167050315
460,3.2029796401166792,2.975959887221775
461,2.9333937518568156,2.7918009242327706
462,2.6499929319866586,2.601561527266741
463,2.3591992648826796,2.413782793902765
464,2.0665041469180987,2.2369085137826907
465,1.7503347862759913,2.077004380253493
466,1.414373917452575,1.9378570254419358
467,1.095325016527509,1.82322289372215
468,0.8409434002285812,1.7382600583454701
469,0.688044478609154,1.6891183883590002
470,0.6535571812197597,1.6815981355964915
471,0.7334463432011699,1.7185905175916347
472,0.914755900107571,1.7992416979640729
473,1.1658913620166542,1.919230562263073
474,1.4546227150345898,2.072260198410441
475,1.7750948870468926,2.253122443534676
476,2.1383407978150855,2.458079435901501
477,2.5673304691655394,2.6836501589684563
478,3.0676150903915187,2.923623432280949
479,3.5992566277693947,3.1692920424502575
480,4.10171417869054,3.411327874121639
481,4.518998822264684,3.64173374000623
482,4.821037597570725,3.8546969113206027
483,5.005855198512223,4.04748812266084
484,5.103599780055422,4.21981724786342
485,5.155598031732716,4.371692690931931
486,5.160462319853444,4.501809818845147
487,5.110079461656703,4.606904929472516
488,5.010202151304631,4.6828842275359355
489,4.880751929123809,4.726840717283695
490,4.748092983766287,4.738850698020784
491,4.636133166140911,4.722609116143165
492,4.556546968681035,4.68438628524195
493,4.508852862280073,4.631266632346546
494,4.480449100252987,4.5666974773977955
495,4.459042460458176,4.489822994455534
496,4.435242455533075,4.399566212527821
497,4.390473443229067,4.2967505732982385
498,4.317893831958138,4.18456628388275
499,4.226650348467541,4.0674595327106635
500,4.133026641348854,3.9491357374497085
501,4.049701446394955,3.8323202446158597
502,3.9413549909779086,3.7179507816318957
503,3.7718573387720173,3.605321893593591
504,3.5358402451545885,3.4937239402425586
505,3.2593979555242187,3.3834412044377595
506,2.990884941825849,3.2759648304188413
507,2.7728304080262713,3.1744460196346016
508,2.6182646690690943,3.082705147737112
509,2.5334542951316306,3.003659888154498
510,2.4978966349696705,2.9366053146483004
511,2.4815328775905963,2.8766439092558977
512,2.4716859399344067,2.8195719936367216
513,2.4739532159717896,2.7642697222598156
514,2.500667723192541,2.7131208739718153
515,2.5631348491127537,2.6683282904105474
516,2.6665581378033227,2.630571406180542
517,2.8038356759804848,2.5994964915074665
518,2.926044318237307,2.574446722852177
519,2.970396149331696,2.554095564505759
520,2.9140605098327415,2.5373894849156162
521,2.7764164539877076,2.5244317002504095
522,2.6151609759705856,2.516126502660243
523,2.4531314514213958,2.5132606928543466
524,2.311261025685756,2.515275862436142
525,2.2134819439109226,2.5204101587046686
526,2.167368833273877,2.526545119133428
527,2.167133444896111,2.532002343487857
528,2.1971872023470973,2.5375997547600004
529,2.248292753616878,2.547296293520647
530,2.3221923833114086,2.564264108770742
531,2.4223686394656503,2.588762598215961
532,2.5369407756648577,2.617498266616421
533,2.655552181946226,2.648022584887679
534,2.776987425521003,2.6792301515597425
535,2.902065714360207,2.71154619388284
536,3.0267977211358987,2.746216705628582
537,3.1449338470233217,2.7846524496423277
538,3.2194811843344584,2.828237030076073
539,3.2173892640016457,2.877609099555983
540,3.1324030071788562,2.932265465732953
541,3.0025691803040333,2.9908850771373157
542,2.8729972257829024,3.0530594392217587
543,2.795170705726677,3.1190378586918577
544,2.791438044697247,3.1888886232775118
545,2.8589768371435227,3.261787581109722
546,2.9817096501545035,3.3356698056790615
547,3.136990004255274,3.408053609531993
548,3.306006974496877,3.478319658187912
549,3.4775216447441757,3.54906002913964
550,3.6560792931848227,3.624958123045743
551,3.8431637324080152,3.7084818168179132
552,4.034301188062769,3.798861836292992
553,4.2142469553399975,3.8916245850326785
554,4.356677763384015,3.981111696608851
555,4.4478423163760805,4.06305637207671
556,4.484270060141006,4.135412382801463
557,4.490715941132739,4.198323410505959
558,4.498568697488717,4.252862682659547
559,4.505995668203091,4.299798751402129
