    #         X           Y           Z       CHARGE      MIN DIST   ATOMIC VOL
 --------------------------------------------------------------------------------
    1    7.014951    1.048752    9.672242   10.976678     1.102832    18.732165
    2    9.406924    1.099001   10.022306   11.037223     1.124173    17.603675
    3    1.853123    1.102391   10.037703   11.061489     1.120859    16.742713
    4    4.711463    1.055830   10.043488   11.066387     1.098127    15.610212
    5    8.212549    3.337761    9.883462   11.011606     1.135561    17.742118
    6    0.639614    3.322902    9.902987   11.050561     1.186409    15.946516
    7    3.228524    3.284367    9.921879   11.023936     1.164656    16.006676
    8    5.839752    3.294888   10.035985   11.073619     1.124677    16.008607
    9    9.414387    5.567799    9.952402   11.030382     1.115225    17.729492
   10    1.779687    5.563523    9.874241   11.028237     1.168786    17.293812
   11    4.460691    5.512641   10.007903   11.048218     1.151059    16.268857
   12    6.976630    5.576037    9.759231   11.018324     1.142111    17.155368
   13    0.588182    7.735566    9.824043   10.995858     1.167544    19.042177
   14    3.277755    7.883391    9.814823   11.026191     1.149248    17.407002
   15    5.850835    7.691367    9.731992   11.037025     1.136770    17.160270
   16    8.231735    7.735531    9.810484   11.025644     1.147805    15.096397
   17    5.733075    1.797639   12.002795   10.998713     1.073296    11.457065
   18    8.215622    2.007499   11.948107   10.974377     1.132073    11.300796
   19    0.563977    1.793046   11.926292   10.984650     1.106937    11.396756
   20    3.124159    1.801942   12.002102   10.974348     1.128518    11.568919
   21    6.990167    4.086411   11.997311   10.984856     1.113119    11.270790
   22    9.527837    4.090038   11.966698   10.981920     1.128333    11.219246
   23    1.897680    4.054998   11.953199   10.970469     1.169265    11.540844
   24    4.389688    4.027836   11.981703   10.984880     1.151885    11.540101
   25    8.192978    6.195331   12.000686   10.983981     1.142595    11.289507
   26    0.483098    6.218822   11.910202   10.976014     1.112734    11.402549
   27    3.105328    6.229483   12.030094   10.987283     1.136237    11.593577
   28    5.766843    6.271654   11.930902   10.983838     1.129164    11.591943
   29    9.425663    8.483558   12.013793   10.980383     1.139681    11.547380
   30    1.951151    8.348037   11.945787   10.984512     1.138705    11.569958
   31    4.402718    8.322842   11.947805   10.971410     1.137924    11.402698
   32    6.968721    8.503581   11.796306   10.958410     1.138646    11.605906
   33    5.703962    0.365912   14.030589   10.994810     1.172772    11.620463
   34    8.239056    0.365912   14.030589   10.993345     1.128471    11.609768
   35    0.633774    0.365912   14.030589   10.972070     1.176191    11.455579
   36    3.168868    0.365912   14.030589   11.015707     1.172772    11.583179
   37    6.971509    2.561368   14.030589   10.999336     1.165764    11.438051
   38    9.506603    2.561368   14.030589   10.995490     1.169025    11.517374
   39    1.901321    2.561368   14.030589   10.999025     1.161556    11.565948
   40    4.436415    2.561368   14.030589   10.998864     1.176264    11.496726
   41    8.239056    4.756824   14.030589   10.986904     1.159171    11.342389
   42    0.633774    4.756824   14.030589   10.996659     1.169025    11.520048
   43    3.168868    4.756824   14.030589   11.021544     1.169025    11.535496
   44    5.703962    4.756824   14.030589   10.968399     1.161679    11.410719
   45    9.506603    6.952280   14.030589   11.021007     1.174393    11.592240
   46    1.901321    6.952280   14.030589   10.993549     1.136188    11.490042
   47    4.436415    6.952280   14.030589   10.994878     1.169372    11.484545
   48    6.971509    6.952280   14.030589   10.966609     1.161556    11.478455
   49    6.971509    1.097728   16.100507   10.993600     1.181315    11.602787
   50    9.506603    1.097728   16.100507   10.992392     1.174418    11.515146
   51    1.901321    1.097728   16.100507   11.001417     1.181315    11.538764
   52    4.436415    1.097728   16.100507   10.999879     1.146187    11.610362
   53    8.239056    3.293184   16.100507   10.971140     1.146187    11.298123
   54    0.633774    3.293184   16.100507   11.022432     1.132999    11.555550
   55    3.168868    3.293184   16.100507   11.000026     1.181315    11.740339
   56    5.703962    3.293184   16.100507   10.992170     1.146187    11.516631
   57    9.506603    5.488640   16.100507   11.018345     1.161579    11.543369
   58    1.901321    5.488640   16.100507   10.964521     1.190145    11.639180
   59    4.436415    5.488640   16.100507   10.997789     1.161919    11.644676
   60    6.971509    5.488640   16.100507   10.994843     1.155132    11.482911
   61    0.633774    7.684096   16.100507   10.969192     1.146187    11.488556
   62    3.168868    7.684096   16.100507   10.996590     1.146187    11.591200
   63    5.703962    7.684096   16.100507   11.005558     1.188995    11.648835
   64    8.239056    7.684096   16.100507   11.021672     1.155132    11.539952
   65    5.853786    1.934697   18.229995   10.980177     1.128462    11.752222
   66    8.318993    1.814070   18.193506   10.971794     1.137318    11.187457
   67    0.659337    1.854862   18.165695   10.987693     1.131372    11.276732
   68    3.282359    1.785406   18.155601   10.984273     1.131675    11.874474
   69    6.943299    4.060557   18.088288   10.981220     1.126329    11.526286
   70    9.532735    3.931816   18.094706   10.976979     1.135956    11.214195
   71    1.755664    4.110113   18.272992   10.977451     1.133592    11.670820
   72    4.344776    4.153557   18.183291   10.972719     1.164665    11.890071
   73    8.287112    6.292704   18.106487   10.984789     1.114345    11.298865
   74    0.475594    6.214993   18.248797   10.976390     1.116560    11.572781
   75    3.138771    6.304647   18.263410   10.967323     1.135343    11.845062
   76    5.691074    6.209329   18.262687   10.975651     1.146910    11.476078
   77    9.448834    8.478122   18.254913   10.977089     1.110761    11.107986
   78    1.889223    8.367401   18.098111   10.981819     1.137334    11.597439
   79    4.547138    8.459162   18.218605   10.984114     1.116664    11.549459
   80    7.022738    8.354061   18.169793   10.975396     1.143286    11.293963
   81    5.769672    0.314714   20.196714   11.028385     1.136891    16.020491
   82    8.267926    0.459000   20.199486   10.985997     1.127711    14.346398
   83    0.653801    0.421343   20.195599   10.986499     1.157216    13.667105
   84    3.085727    0.381763   20.123585   11.017689     1.146002    15.209885
   85    7.152951    2.788870   20.229888   10.992457     1.123163    16.591940
   86    9.714714    2.644409   20.191893   10.986769     1.141746    14.662054
   87    2.004519    2.580723   20.167908   11.035430     1.153293    17.062083
   88    4.631942    2.625651   20.316214   11.006329     1.184005    18.147941
   89    8.306307    4.873728   20.213105   11.025711     1.118618    18.763953
   90    0.629008    4.848243   20.341403   11.030765     1.156089    17.760835
   91    3.126491    4.769698   20.377500   11.018318     1.160896    16.215826
   92    5.699044    4.866878   20.283491   11.012079     1.149894    17.622094
   93    9.500732    7.123816   20.275898   11.039373     1.155378    16.175274
   94    1.877034    7.021586   20.387986   11.029082     1.159249    16.773907
   95    4.516717    6.997691   20.300003   11.024107     1.153072    15.034455
   96    7.069120    6.925180   20.292199   11.017115     1.131490    16.842089
   97    0.234344    2.703704   26.629107    7.358358     0.720904    24.652839
   98    4.677289    3.418070   26.543504    7.347830     0.750280    19.837779
   99    8.629238    7.858266   23.570104    7.244241     0.757013    21.635461
  100    9.401651    4.989341   27.875300    7.338446     0.743396    27.478595
  101   10.044500    3.923921   24.006403    7.267959     0.725997    26.287568
  102    2.813519    5.374143   26.966786    7.355396     0.705973    23.279994
  103    9.638743    7.570977   26.956511    7.321666     0.742918    21.138284
  104    1.281338    0.514861   27.896392    7.381433     0.721202    25.173932
  105    5.553672    0.951054    0.111606    7.265425     0.729954    23.558217
  106    2.840441    2.408143   24.475394    7.286490     0.737067    20.339116
  107    3.910718    1.374988   27.861409    7.353623     0.726982    20.141404
  108    3.323144    0.293006    1.687644    7.363283     0.708874    28.095797
  109    3.910018    3.688226    6.774381    7.296675     0.689677    20.250732
  110   10.003847    2.487030    3.293362    7.244490     0.706916    27.806284
  111    0.268243    3.075966    0.502858    7.276570     0.691188    22.326340
  112    4.224359    2.371110    2.847090    7.360504     0.748651    25.714336
  113    7.066159    3.562206    6.255584    7.313154     0.698593    26.844609
  114    7.976613    5.167471    0.993785    7.328404     0.680964    29.272712
  115    3.589693    0.700649    6.685705    7.307056     0.728889    20.681956
  116    8.743875    8.601068    3.147618    7.319199     0.728031    27.058067
  117    0.819758    5.624398    2.371290    7.306815     0.701754    24.765881
  118    1.278996    3.697517    6.898130    7.277553     0.751567    21.980529
  119    3.512028    5.203819   23.523491    7.239754     0.687530    21.831985
  120    1.359267    7.609661    0.366575    7.297571     0.729165    28.255927
  121    7.165637    7.433814   29.074187    7.274626     0.672850    23.985876
  122    9.397229    4.689072    5.148686    7.297766     0.719405    25.905661
  123    7.717669    0.637183   26.787506    7.270302     0.721867    21.782817
  124    8.042161    7.892778    6.544963    7.327032     0.726555    25.586885
  125    6.485734    8.199730    4.509756    7.339709     0.746220    24.992857
  126    2.549149    3.517876   28.894304    7.315140     0.714960    21.214190
  127    5.426734    5.811223    6.516248    7.350229     0.730856    21.077678
  128    0.087177    7.347295    5.300939    7.310011     0.738718    21.568765
  129    4.189243    6.669198    3.641136    7.307987     0.721145    30.416502
  130    3.308562    4.620249    1.844055    7.384746     0.703741    22.334659
  131    5.310810    2.978066   23.933094    7.281779     0.707248    20.736175
  132    1.151267    6.607919   25.212492    7.305063     0.704602    23.609911
  133    9.228443    0.792006    0.471974    7.313192     0.723678    25.699482
  134    4.987686    7.761868   23.307210    7.280544     0.713876    19.672153
  135    6.188692    3.287327    1.297989    7.352863     0.719588    25.514990
  136    2.638486    6.703491    6.258205    7.308568     0.668375    22.004445
  137    6.629860    6.124751   24.827808    7.312267     0.705232    29.048113
  138   10.016695    1.338403   22.858407    7.310522     0.719230    18.832878
  139    1.255510    1.107300    5.815247    7.306496     0.723043    26.005780
  140    5.104189    0.675050   25.564996    7.313798     0.743916    19.902842
  141    4.376080    5.309069   29.705013    7.302181     0.703414    25.535935
  142    7.392162    1.389864   23.161285    7.298010     0.702688    21.201415
  143    6.845748    2.898116   28.469908    7.309625     0.698417    24.763802
  144    5.446538    1.846660    5.256134    7.335052     0.738317    22.417398
  145    2.266405    8.680359   23.146400    7.249845     0.715557    20.632936
  146    5.122452    7.130841   27.156793    7.346420     0.723633    24.283559
  147    0.192292    2.863823   25.693415    0.341270     0.114695     2.197563
  148    0.006125    3.558448   27.001196    0.303385     0.071985     1.638145
  149    4.041031    4.157842   26.579812    0.316433     0.084561     1.598187
  150    4.988883    3.365862   25.601786    0.325247     0.101961     1.677064
  151    0.171099    3.480290    1.370002    0.314773     0.093374     2.098781
  152    9.468273    8.420426   23.586496    0.353394     0.114670     2.527628
  153    8.592773    4.690161   28.365112    0.344472     0.094639     3.153742
  154    9.452434    5.956228   27.649196    0.325067     0.114166     1.770053
  155    0.514411    4.700234   24.025988    0.343994     0.106655     3.012328
  156    9.743969    3.831870   23.099787    0.396325     0.121465     3.488857
  157    0.879292    1.231300   27.404591    0.313765     0.085149     1.618092
  158    2.415925    4.766739   27.579111    0.317583     0.084478     1.763962
  159    4.151562    3.183631    7.526123    0.383806     0.080808     2.649137
  160    0.242243    8.125971   27.354393    0.323205     0.111131     1.628193
  161    4.575906    1.176624   28.537401    0.322415     0.085541     1.976529
  162    2.173438    0.796116   28.001007    0.297867     0.091250     1.565359
  163    6.381461    0.431846    0.246382    0.374896     0.131873     3.852494
  164    2.726088    1.535159   23.949606    0.351065     0.122023     2.209298
  165    2.825971    2.085920   25.377188    0.329711     0.108624     2.929737
  166    7.843267    8.611044    3.440011    0.318149     0.094586     2.029114
  167    4.227919    2.131331   27.258697    0.317127     0.101384     1.180629
  168    3.129949    4.340566   23.691713    0.344871     0.095390     2.302435
  169    3.525414    1.011570    2.247631    0.274841     0.060346     1.346107
  170    3.564910    8.289401    2.178270    0.354945     0.111605     3.020349
  171    2.118507    5.642410   26.382604    0.318318     0.101299     1.716577
  172    4.352463    4.612319    6.766607    0.333098     0.139183     1.508318
  173    9.336854    1.811480    3.505636    0.387341     0.133619     3.601008
  174    9.735543    3.183350    3.962424    0.382915     0.106114     2.563130
  175    8.860408    8.244930   26.962688    0.356589     0.124198     1.691027
  176    9.891005    3.596956   30.016900    0.366036     0.117121     3.169339
  177    4.675393    2.303209    3.730565    0.327708     0.107932     1.987373
  178    6.462239    2.842457    5.881807    0.296938     0.094204     1.387848
  179    6.824078    3.727990    7.168737    0.425488     0.128348     3.220735
  180    8.253425    5.754817    1.647058    0.360287     0.094097     4.538174
  181    7.294419    4.588064    1.427643    0.315625     0.084476     2.435976
  182    3.442141    0.871271    7.643604    0.427940     0.124106     2.888293
  183    2.774792    0.959476    6.241964    0.292729     0.091935     1.282531
  184    3.781093    3.258311    2.680375    0.308784     0.102383     1.930629
  185    9.224975    8.277616    3.959110    0.371842     0.123867     2.202910
  186    0.849936    6.393440    1.720337    0.340547     0.124440     2.338977
  187    0.660463    6.026342    3.185342    0.352353     0.096852     2.926915
  188    4.856115    0.517179    0.687713    0.348703     0.090586     2.508020
  189    2.308710    3.723379    6.854410    0.321862     0.125774     1.532827
  190    1.007375    3.738967    7.871064    0.471229     0.134703     2.775400
  191    3.038179    5.588410   22.775185    0.431693     0.120772     3.237521
  192    2.006983    8.299992    0.571648    0.320331     0.096492     2.279856
  193    7.938039    7.659200   28.585310    0.365467     0.106175     2.516784
  194   10.079302    4.327806    5.801779    0.372526     0.124300     2.312239
  195    7.488841    6.899177   29.766390    0.351797     0.094347     2.881163
  196    0.550917    8.046311    0.043389    0.340798     0.085947     2.651068
  197    8.586080    4.261573    5.453011    0.323638     0.107532     1.990641
  198    8.391132    1.257443   26.365098    0.386683     0.117052     4.171121
  199    6.932337    0.798373   26.246291    0.327233     0.093717     2.010249
  200    8.889450    7.926940    6.046745    0.301162     0.112912     1.438353
  201    5.785075    7.561273    4.250990    0.321583     0.091847     2.139631
  202    2.967409    2.652524   28.534298    0.351526     0.112056     1.735887
  203    8.075958    8.126191    7.472519    0.407271     0.114558     2.751781
  204    2.018209    3.241898   29.660690    0.343494     0.116099     2.529113
  205    5.518302    6.319172    7.347536    0.351442     0.087799     2.855168
  206    6.141813    5.208588    6.312290    0.304835     0.079659     1.976826
  207    1.075630    7.227828    5.463105    0.353855     0.133769     2.216279
  208    3.930491    5.881258    3.083499    0.336073     0.120005     2.220141
  209    9.883825    6.444410    5.434239    0.336117     0.100474     1.908347
  210    3.968660    6.553032    4.576798    0.369573     0.124356     2.432114
  211    5.076557    4.653699   29.978694    0.363489     0.119237     2.832144
  212    2.415073    4.916223    2.033881    0.309081     0.096858     1.597593
  213    3.571846    5.097577    1.074717    0.305013     0.069928     1.601009
  214    5.160235    3.691800   23.289011    0.394399     0.125777     3.190284
  215    0.300733    6.882553   25.643698    0.322919     0.083717     1.755644
  216    9.320619    0.508889    1.376089    0.341048     0.110421     2.177361
  217    1.362076    7.415723   24.728495    0.382926     0.124073     3.221775
  218    4.371588    2.575217   24.096013    0.321871     0.111834     1.395276
  219    9.579766    1.706888    0.460494    0.287757     0.084167     1.288621
  220    5.128668    7.928248   22.346811    0.466229     0.138450     2.613189
  221    5.341717    6.896191   23.586706    0.286946     0.084692     1.868092
  222    6.794986    7.945136    5.430322    0.333691     0.109239     1.788323
  223    2.329478    6.181236    6.948087    0.362867     0.086495     2.885025
  224    7.306405    6.728080   24.529299    0.360960     0.099899     2.267379
  225    3.073954    7.523494    6.529897    0.330612     0.103174     2.134283
  226    6.500053    2.847910    0.534737    0.288276     0.062917     1.820706
  227    6.409722    6.455036   25.717489    0.322526     0.099528     2.412061
  228    9.036952    1.544091   22.646013    0.334430     0.119906     1.675727
  229    0.326693    2.139393   23.186204    0.349087     0.112819     2.187907
  230    8.559411    7.766311   22.611603    0.427673     0.130012     2.764853
  231    0.878258    1.426511    4.961904    0.325512     0.081819     2.716428
  232    5.287994    0.232209   24.689807    0.374522     0.101810     2.076648
  233    1.092200    1.905542    6.384002    0.367994     0.118057     2.456327
  234    4.991996    8.689571   26.168492    0.318057     0.086833     1.727569
  235    3.629839    4.790643   29.414187    0.324160     0.099092     1.490641
  236    5.466718    2.669964    1.598426    0.338494     0.099918     1.774657
  237    7.075499    0.517987   23.379796    0.364234     0.112871     2.288769
  238    6.581956    2.032764   23.384496    0.341993     0.124317     1.914438
  239    7.215111    2.097302   28.151000    0.323354     0.070790     2.207515
  240    6.320172    3.365458   27.742994    0.368671     0.125402     3.317883
  241    4.732595    1.533623    5.905852    0.328044     0.091018     1.480243
  242    5.857082    1.016689    4.892421    0.328874     0.099619     1.882798
  243    2.973706    8.046100   22.879710    0.369498     0.117219     2.228163
  244    1.607158    8.676240   22.422590    0.408155     0.107321     2.311496
  245    5.589741    7.352767   27.990009    0.320238     0.085819     2.100563
  246    4.418639    6.509141   27.389405    0.316541     0.093599     1.953950
 --------------------------------------------------------------------------------
    VACUUM CHARGE:               0.0000
    VACUUM VOLUME:               0.0000
    NUMBER OF ELECTRONS:      1456.0000
