    #         X           Y           Z       CHARGE      MIN DIST   ATOMIC VOL
 --------------------------------------------------------------------------------
    1    7.014951    1.048752    9.672242   11.041020     1.102832    19.232313
    2    9.406924    1.099001   10.022306   11.083164     1.124173    17.846990
    3    1.853123    1.102391   10.037703   11.110698     1.120859    16.951417
    4    4.711463    1.055830   10.043488   11.113562     1.095751    15.743753
    5    8.212549    3.337761    9.883462   11.066609     1.135561    18.055843
    6    0.639614    3.322902    9.902987   11.110386     1.186409    16.234989
    7    3.228524    3.284367    9.921879   11.078682     1.160200    16.200824
    8    5.839752    3.294888   10.035985   11.126036     1.124677    16.239742
    9    9.414387    5.567799    9.952402   11.078471     1.115225    17.975184
   10    1.779687    5.563523    9.874241   11.088081     1.168786    17.593277
   11    4.460691    5.512641   10.007903   11.097167     1.151059    16.420223
   12    6.976630    5.576037    9.759231   11.078982     1.142111    17.481572
   13    0.588182    7.735566    9.824043   11.056554     1.167544    19.466419
   14    3.277755    7.883391    9.814823   11.090315     1.149248    17.694435
   15    5.850835    7.691367    9.731992   11.101414     1.136770    17.546931
   16    8.231735    7.735531    9.810484   11.084127     1.147805    15.363628
   17    5.733075    1.797639   12.002795   11.015967     1.076941    11.461076
   18    8.215622    2.007499   11.948107   10.991851     1.132073    11.306590
   19    0.563977    1.793046   11.926292   11.001922     1.106937    11.400618
   20    3.124159    1.801942   12.002102   10.992328     1.132748    11.576643
   21    6.990167    4.086411   11.997311   11.003178     1.113119    11.284011
   22    9.527837    4.090038   11.966698   10.999748     1.128333    11.229198
   23    1.897680    4.054998   11.953199   10.988685     1.169265    11.549459
   24    4.389688    4.027836   11.981703   11.001848     1.153442    11.544706
   25    8.192978    6.195331   12.000686   11.001181     1.142595    11.298420
   26    0.483098    6.218822   11.910202   10.993268     1.112734    11.410570
   27    3.105328    6.229483   12.030094   11.004221     1.136237    11.598627
   28    5.766843    6.271654   11.930902   11.001067     1.137384    11.597142
   29    9.425663    8.483558   12.013793   10.996580     1.139681    11.549756
   30    1.951151    8.348037   11.945787   11.001855     1.136737    11.577237
   31    4.402718    8.322842   11.947805   10.988624     1.137924    11.408639
   32    6.968721    8.503581   11.796306   10.977816     1.138646    11.617344
   33    5.703962    0.365912   14.030589   11.012840     1.172772    11.628336
   34    8.239056    0.365912   14.030589   11.009129     1.128471    11.607243
   35    0.633774    0.365912   14.030589   10.988797     1.176191    11.458550
   36    3.168868    0.365912   14.030589   11.033101     1.172772    11.588081
   37    6.971509    2.561368   14.030589   11.016581     1.165764    11.440725
   38    9.506603    2.561368   14.030589   11.012236     1.169025    11.517522
   39    1.901321    2.561368   14.030589   11.016541     1.161556    11.568770
   40    4.436415    2.561368   14.030589   11.015781     1.176264    11.497172
   41    8.239056    4.756824   14.030589   11.003321     1.159171    11.345805
   42    0.633774    4.756824   14.030589   11.014294     1.169025    11.526583
   43    3.168868    4.756824   14.030589   11.039379     1.169025    11.542775
   44    5.703962    4.756824   14.030589   10.983800     1.161679    11.410570
   45    9.506603    6.952280   14.030589   11.036030     1.174393    11.586595
   46    1.901321    6.952280   14.030589   11.009900     1.136188    11.491379
   47    4.436415    6.952280   14.030589   11.011139     1.169372    11.486625
   48    6.971509    6.952280   14.030589   10.983238     1.161556    11.482020
   49    6.971509    1.097728   16.100507   11.010305     1.190145    11.604569
   50    9.506603    1.097728   16.100507   11.008693     1.174418    11.516185
   51    1.901321    1.097728   16.100507   11.017972     1.181315    11.539655
   52    4.436415    1.097728   16.100507   11.017218     1.146187    11.614076
   53    8.239056    3.293184   16.100507   10.986898     1.146187    11.297974
   54    0.633774    3.293184   16.100507   11.039391     1.132999    11.556887
   55    3.168868    3.293184   16.100507   11.017304     1.181315    11.742567
   56    5.703962    3.293184   16.100507   11.010308     1.146187    11.524207
   57    9.506603    5.488640   16.100507   11.036074     1.161579    11.549608
   58    1.901321    5.488640   16.100507   10.981856     1.190145    11.643636
   59    4.436415    5.488640   16.100507   11.013861     1.163119    11.644528
   60    6.971509    5.488640   16.100507   11.010784     1.155132    11.483951
   61    0.633774    7.684096   16.100507   11.011934     1.146187    11.605015
   62    3.168868    7.684096   16.100507   10.989298     1.146187    11.488705
   63    5.703962    7.684096   16.100507   11.023372     1.188995    11.654926
   64    8.239056    7.684096   16.100507   11.038405     1.154231    11.542181
   65    5.853786    1.934697   18.229995   10.997457     1.128462    11.756827
   66    8.318993    1.814070   18.193506   10.989826     1.137318    11.198598
   67    0.659337    1.854862   18.165695   11.003615     1.131372    11.277475
   68    3.282359    1.785406   18.155601   11.002231     1.131675    11.880564
   69    6.943299    4.060557   18.088288   10.997726     1.126329    11.529851
   70    9.532735    3.931816   18.094706   10.993638     1.135956    11.219691
   71    1.755664    4.110113   18.272992   10.994956     1.133592    11.674385
   72    4.344776    4.153557   18.183291   10.991592     1.163283    11.902994
   73    8.287112    6.292704   18.106487   11.002935     1.114345    11.308966
   74    0.475594    6.214993   18.248797   10.997734     1.116560    11.591349
   75    3.138771    6.304647   18.263410   10.985943     1.135343    11.852638
   76    5.691074    6.209329   18.262687   10.994118     1.146910    11.484991
   77    9.448834    8.478122   18.254913   10.993518     1.112638    11.113482
   78    1.889223    8.367401   18.098111   10.999304     1.137334    11.603975
   79    4.547138    8.459162   18.218605   11.000971     1.116664    11.554807
   80    7.022738    8.354061   18.169793   10.992262     1.143286    11.300796
   81    5.769672    0.314714   20.196714   11.080569     1.136891    16.230829
   82    8.267926    0.459000   20.199486   11.033382     1.119395    14.493011
   83    0.653801    0.421343   20.195599   11.030420     1.157216    13.790694
   84    3.085727    0.381763   20.123585   11.058413     1.146002    15.314609
   85    7.152951    2.788870   20.229888   11.040744     1.123163    16.805993
   86    9.714714    2.644409   20.191893   11.035026     1.141746    14.842684
   87    2.004519    2.580723   20.167908   11.084747     1.153293    17.316687
   88    4.631942    2.625651   20.316214   11.066024     1.184005    18.490335
   89    8.306307    4.873728   20.213105   11.080122     1.118618    19.134126
   90    0.629008    4.848243   20.341403   11.093807     1.156089    18.172302
   91    3.126491    4.769698   20.377500   11.075563     1.160896    16.467906
   92    5.699044    4.866878   20.283491   11.067998     1.149894    17.965677
   93    9.500732    7.123816   20.275898   11.093965     1.155378    16.426462
   94    1.877034    7.021586   20.387986   11.094495     1.159249    17.128631
   95    4.516717    6.997691   20.300003   11.080126     1.153072    15.233207
   96    7.069120    6.925180   20.292199   11.074133     1.131490    17.167401
   97    0.234344    2.703704   26.629107    7.368676     0.720904    24.537421
   98    4.677289    3.418070   26.543504    7.364271     0.750280    19.793662
   99    8.629238    7.858266   23.570104    7.288511     0.757013    21.662051
  100    9.401651    4.989341   27.875300    7.340043     0.743396    27.202452
  101   10.044500    3.923921   24.006403    7.306659     0.728282    26.191460
  102    2.813519    5.374143   26.966786    7.361701     0.705973    23.139917
  103    9.638743    7.570977   26.956511    7.322067     0.742918    20.957208
  104    1.281338    0.514861   27.896392    7.394128     0.721202    24.962703
  105    5.553672    0.951054    0.111606    7.283750     0.729954    23.467902
  106    2.840441    2.408143   24.475394    7.287518     0.724800    20.085254
  107    3.910718    1.374988   27.861409    7.360312     0.726982    20.038166
  108    3.323144    0.293006    1.687644    7.373042     0.708874    27.853818
  109    3.910018    3.688226    6.774381    7.331539     0.689677    20.368231
  110   10.003847    2.487030    3.293362    7.261312     0.706916    27.652986
  111    0.268243    3.075966    0.502858    7.280567     0.691188    22.156257
  112    4.224359    2.371110    2.847090    7.371103     0.763700    25.420813
  113    7.066159    3.562206    6.255584    7.342912     0.702441    26.729487
  114    7.976613    5.167471    0.993785    7.344937     0.680964    29.072772
  115    3.589693    0.700649    6.685705    7.332326     0.720988    20.581540
  116    8.743875    8.601068    3.147618    7.339151     0.728031    26.980972
  117    0.819758    5.624398    2.371290    7.316924     0.701754    24.590005
  118    1.278996    3.697517    6.898130    7.324967     0.751567    22.083916
  119    3.512028    5.203819   23.523491    7.296546     0.704495    21.937154
  120    1.359267    7.609661    0.366575    7.328045     0.704183    28.271673
  121    7.165637    7.433814   29.074187    7.281402     0.672850    23.827676
  122    9.397229    4.689072    5.148686    7.356081     0.735442    26.002066
  123    7.717669    0.637183   26.787506    7.284098     0.721867    21.674231
  124    8.042161    7.892778    6.544963    7.360039     0.726555    25.325150
  125    6.485734    8.199730    4.509756    7.357039     0.746220    24.984241
  126    2.549149    3.517876   28.894304    7.320254     0.714960    21.097137
  127    5.426734    5.811223    6.516248    7.383988     0.730856    21.138878
  128    0.087177    7.347295    5.300939    7.319868     0.738718    21.426608
  129    4.189243    6.669198    3.641136    7.366204     0.743047    30.443686
  130    3.308562    4.620249    1.844055    7.388262     0.703741    22.161159
  131    5.310810    2.978066   23.933094    7.304898     0.707248    20.546187
  132    1.151267    6.607919   25.212492    7.310250     0.704602    23.373131
  133    9.228443    0.792006    0.471974    7.362645     0.723678    25.893332
  134    4.987686    7.761868   23.307210    7.359358     0.742682    19.812824
  135    6.188692    3.287327    1.297989    7.377151     0.719588    25.386945
  136    2.638486    6.703491    6.258205    7.338319     0.668375    21.971765
  137    6.629860    6.124751   24.827808    7.316810     0.705232    28.722802
  138   10.016695    1.338403   22.858407    7.331541     0.719230    18.843276
  139    1.255510    1.107300    5.815247    7.309188     0.723043    25.685964
  140    5.104189    0.675050   25.564996    7.329182     0.742547    19.819360
  141    4.376080    5.309069   29.705013    7.312848     0.703414    25.374467
  142    7.392162    1.389864   23.161285    7.301824     0.702688    21.046929
  143    6.845748    2.898116   28.469908    7.323254     0.698417    24.660712
  144    5.446538    1.846660    5.256134    7.344059     0.738317    22.258753
  145    2.266405    8.680359   23.146400    7.320846     0.719981    20.840156
  146    5.122452    7.130841   27.156793    7.341477     0.723633    24.071140
  147    0.192292    2.863823   25.693415    0.328464     0.114695     2.059862
  148    0.006125    3.558448   27.001196    0.309748     0.071985     1.668003
  149    4.041031    4.157842   26.579812    0.318501     0.084561     1.601901
  150    4.988883    3.365862   25.601786    0.311810     0.101961     1.588532
  151    0.171099    3.480290    1.370002    0.314231     0.093374     2.085115
  152    9.468273    8.420426   23.586496    0.360058     0.121793     2.560011
  153    8.592773    4.690161   28.365112    0.349801     0.094639     3.182262
  154    9.452434    5.956228   27.649196    0.324706     0.114166     1.756981
  155    0.514411    4.700234   24.025988    0.350417     0.106655     3.012031
  156    9.743969    3.831870   23.099787    0.372330     0.101033     3.196820
  157    0.879292    1.231300   27.404591    0.312848     0.085149     1.599969
  158    2.415925    4.766739   27.579111    0.325044     0.084478     1.800504
  159    4.151562    3.183631    7.526123    0.370993     0.080808     2.519161
  160    0.242243    8.125971   27.354393    0.327017     0.111131     1.634580
  161    4.575906    1.176624   28.537401    0.326608     0.085541     1.988561
  162    2.173438    0.796116   28.001007    0.301229     0.091250     1.574568
  163    6.381461    0.431846    0.246382    0.376922     0.131873     3.825013
  164    2.726088    1.535159   23.949606    0.342760     0.122023     2.125816
  165    2.825971    2.085920   25.377188    0.350387     0.108624     3.111407
  166    7.843267    8.611044    3.440011    0.318145     0.094586     2.010843
  167    4.227919    2.131331   27.258697    0.314517     0.101384     1.168003
  168    3.129949    4.340566   23.691713    0.360136     0.095390     2.375073
  169    3.525414    1.011570    2.247631    0.272903     0.060346     1.320261
  170    3.564910    8.289401    2.178270    0.353645     0.111605     2.986184
  171    2.118507    5.642410   26.382604    0.310829     0.101299     1.660278
  172    4.352463    4.612319    6.766607    0.336342     0.139183     1.508763
  173    9.336854    1.811480    3.505636    0.386878     0.133619     3.561198
  174    9.735543    3.183350    3.962424    0.376030     0.106114     2.491977
  175    8.860408    8.244930   26.962688    0.358184     0.124198     1.690581
  176    9.891005    3.596956   30.016900    0.369533     0.117121     3.178994
  177    4.675393    2.303209    3.730565    0.317770     0.107932     1.905822
  178    6.462239    2.842457    5.881807    0.304495     0.098492     1.413844
  179    6.824078    3.727990    7.168737    0.403220     0.116780     2.972221
  180    8.253425    5.754817    1.647058    0.359544     0.094097     4.459297
  181    7.294419    4.588064    1.427643    0.315210     0.084476     2.404485
  182    3.442141    0.871271    7.643604    0.409336     0.124106     2.700088
  183    2.774792    0.959476    6.241964    0.306774     0.091935     1.343879
  184    3.781093    3.258311    2.680375    0.312620     0.102383     1.955287
  185    9.224975    8.277616    3.959110    0.360969     0.122279     2.121954
  186    0.849936    6.393440    1.720337    0.343603     0.124440     2.343433
  187    0.660463    6.026342    3.185342    0.344457     0.096852     2.811347
  188    4.856115    0.517179    0.687713    0.352476     0.090586     2.518121
  189    2.308710    3.723379    6.854410    0.325525     0.125774     1.539958
  190    1.007375    3.738967    7.871064    0.453376     0.134703     2.623736
  191    3.038179    5.588410   22.775185    0.395722     0.098963     2.936719
  192    2.006983    8.299992    0.571648    0.333716     0.109004     2.356356
  193    7.938039    7.659200   28.585310    0.363133     0.106175     2.471033
  194   10.079302    4.327806    5.801779    0.352126     0.108546     2.163398
  195    7.488841    6.899177   29.766390    0.356339     0.094347     2.899583
  196    0.550917    8.046311    0.043389    0.341729     0.085947     2.630718
  197    8.586080    4.261573    5.453011    0.296968     0.079864     1.807040
  198    8.391132    1.257443   26.365098    0.382247     0.112771     4.052731
  199    6.932337    0.798373   26.246291    0.321866     0.093717     1.959149
  200    8.889450    7.926940    6.046745    0.313406     0.112912     1.493463
  201    5.785075    7.561273    4.250990    0.328125     0.091847     2.170231
  202    2.967409    2.652524   28.534298    0.351024     0.112056     1.727569
  203    8.075958    8.126191    7.472519    0.383518     0.114558     2.517527
  204    2.018209    3.241898   29.660690    0.346756     0.116099     2.540997
  205    5.518302    6.319172    7.347536    0.339036     0.087799     2.684936
  206    6.141813    5.208588    6.312290    0.312119     0.079659     2.014556
  207    1.075630    7.227828    5.463105    0.353964     0.133769     2.204099
  208    3.930491    5.881258    3.083499    0.345239     0.120005     2.276588
  209    9.883825    6.444410    5.434239    0.334921     0.100474     1.884580
  210    3.968660    6.553032    4.576798    0.307125     0.080135     2.034164
  211    5.076557    4.653699   29.978694    0.364863     0.119237     2.819220
  212    2.415073    4.916223    2.033881    0.309457     0.096858     1.596553
  213    3.571846    5.097577    1.074717    0.307757     0.069928     1.607694
  214    5.160235    3.691800   23.289011    0.378276     0.125777     3.008911
  215    0.300733    6.882553   25.643698    0.333575     0.111647     1.805852
  216    9.320619    0.508889    1.376089    0.346645     0.110421     2.193106
  217    1.362076    7.415723   24.728495    0.372836     0.124073     3.088085
  218    4.371588    2.575217   24.096013    0.326430     0.111834     1.407605
  219    9.579766    1.706888    0.460494    0.323931     0.115705     1.468805
  220    5.128668    7.928248   22.346811    0.405506     0.113006     2.275251
  221    5.341717    6.896191   23.586706    0.297053     0.084692     1.904485
  222    6.794986    7.945136    5.430322    0.316704     0.109239     1.668448
  223    2.329478    6.181236    6.948087    0.349940     0.086495     2.711674
  224    7.306405    6.728080   24.529299    0.354253     0.099899     2.195335
  225    3.073954    7.523494    6.529897    0.326823     0.103174     2.082738
  226    6.500053    2.847910    0.534737    0.291106     0.062917     1.823380
  227    6.409722    6.455036   25.717489    0.338905     0.099528     2.544265
  228    9.036952    1.544091   22.646013    0.333556     0.119906     1.657159
  229    0.326693    2.139393   23.186204    0.361028     0.112819     2.250742
  230    8.559411    7.766311   22.611603    0.407131     0.120334     2.571448
  231    0.878258    1.426511    4.961904    0.345824     0.085069     2.889184
  232    5.287994    0.232209   24.689807    0.352362     0.101810     1.932708
  233    1.092200    1.905542    6.384002    0.356523     0.118057     2.325014
  234    4.991996    8.689571   26.168492    0.330448     0.086833     1.788918
  235    3.629839    4.790643   29.414187    0.325212     0.099092     1.486630
  236    5.466718    2.669964    1.598426    0.341175     0.099918     1.775103
  237    7.075499    0.517987   23.379796    0.374614     0.112871     2.334669
  238    6.581956    2.032764   23.384496    0.358202     0.126874     1.976083
  239    7.215111    2.097302   28.151000    0.323122     0.070790     2.188947
  240    6.320172    3.365458   27.742994    0.366667     0.125402     3.264259
  241    4.732595    1.533623    5.905852    0.318940     0.091018     1.427955
  242    5.857082    1.016689    4.892421    0.338739     0.099619     1.934640
  243    2.973706    8.046100   22.879710    0.366692     0.117219     2.184639
  244    1.607158    8.676240   22.422590    0.369329     0.090410     2.101900
  245    5.589741    7.352767   27.990009    0.329605     0.085819     2.151811
  246    4.418639    6.509141   27.389405    0.321299     0.093599     1.978460
 --------------------------------------------------------------------------------
    VACUUM CHARGE:               0.0000
    VACUUM VOLUME:               0.0000
    NUMBER OF ELECTRONS:      1459.6784
