    #         X           Y           Z       CHARGE      MIN DIST   ATOMIC VOL
 --------------------------------------------------------------------------------
    1    6.748350    1.002032    9.823501   10.977620     1.137217    15.642446
    2    9.337898    1.127700    9.990548   10.986162     1.110674    14.956172
    3    1.743658    1.124688    9.835523   11.055107     1.161464    15.905963
    4    4.155324    1.125057   10.005101   11.041056     1.121681    15.380860
    5    8.043905    3.298813    9.738531   10.897820     1.145986    14.685227
    6    0.600898    3.337409   10.073800   11.062918     1.130989    15.476522
    7    3.070658    3.264353    9.975181   11.057243     1.142422    15.707211
    8    5.526576    3.083544    9.868276   11.064241     1.132155    15.881008
    9    9.428310    5.450852    9.915612   11.076865     1.136260    15.502814
   10    1.773653    5.480201    9.978224   11.061174     1.145439    15.851002
   11    4.327152    5.374713    9.693877   11.006053     1.162145    18.244643
   12    6.933118    5.496263    9.845225   11.008851     1.170560    15.414133
   13    0.509503    7.755440   10.086214   11.040022     1.100250    15.341644
   14    3.072605    7.528710    9.745431   10.846240     1.028970    13.148537
   15    5.545732    7.584255   10.056113   11.077544     1.104044    15.900319
   16    8.266354    7.600475    9.715631   10.891335     1.095893    14.672749
   17    5.579104    1.826584   12.040609   10.972439     1.128825    11.207511
   18    8.029221    1.890692   11.887694   10.980956     1.127139    11.721919
   19    0.413788    1.769581   11.917102   10.975801     1.093780    11.633238
   20    3.102164    1.712157   12.089512   10.989792     1.115928    11.461521
   21    6.913638    4.057203   11.855303   10.979689     1.140453    11.483803
   22    9.379301    4.111791   11.920115   10.975426     1.120128    11.359026
   23    1.822824    4.071886   12.081799   10.989721     1.105466    11.595657
   24    4.413873    3.989609   11.936295   10.980153     1.150512    11.836447
   25    8.179563    6.291650   11.886097   10.965753     1.137776    11.155520
   26    0.475421    6.168432   12.050492   10.979127     1.119373    11.018117
   27    3.052771    6.338176   11.883114   10.970576     1.129733    11.757124
   28    5.745284    6.168353   11.963413   10.981762     1.111370    11.444587
   29    9.434313    8.347343   12.058688   10.987378     1.111152    11.307778
   30    1.829861    8.405163   11.935000   10.979092     1.097492    11.419186
   31    4.403276    8.356836   11.984596   10.990339     1.094832    11.240339
   32    6.823125    8.394897   11.930601   10.970570     1.118163    11.489596
   33    5.703962    0.365912   14.030589   10.991007     1.161554    11.393488
   34    8.239056    0.365912   14.030589   10.970183     1.146065    11.491081
   35    0.633774    0.365912   14.030589   10.994419     1.169372    11.481129
   36    3.168868    0.365912   14.030589   11.019766     1.115454    11.448004
   37    6.971509    2.561368   14.030589   11.001231     1.159171    11.585258
   38    9.506603    2.561368   14.030589   10.997952     1.159171    11.696518
   39    1.901321    2.561368   14.030589   11.000404     1.133604    11.508610
   40    4.436415    2.561368   14.030589   10.990961     1.117826    11.332882
   41    8.239056    4.756824   14.030589   10.994107     1.158459    11.635021
   42    0.633774    4.756824   14.030589   11.004656     1.112620    11.348776
   43    3.168868    4.756824   14.030589   10.976314     1.146164    11.505639
   44    5.703962    4.756824   14.030589   11.023681     1.181338    11.703203
   45    9.506603    6.952280   14.030589   11.020115     1.117826    11.406263
   46    1.901321    6.952280   14.030589   10.994577     1.176264    11.522424
   47    4.436415    6.952280   14.030589   10.973273     1.172772    11.474742
   48    6.971509    6.952280   14.030589   10.986855     1.176869    11.499548
   49    6.971509    1.097728   16.100507   10.997379     1.172798    11.523464
   50    9.506603    1.097728   16.100507   10.992404     1.181315    11.658639
   51    1.901321    1.097728   16.100507   11.001750     1.172335    11.480535
   52    4.436415    1.097728   16.100507   10.996377     1.181315    11.660719
   53    8.239056    3.293184   16.100507   11.004181     1.174418    11.512769
   54    0.633774    3.293184   16.100507   10.996048     1.161579    11.458847
   55    3.168868    3.293184   16.100507   11.019709     1.181315    11.662947
   56    5.703962    3.293184   16.100507   10.968930     1.190145    11.521979
   57    9.506603    5.488640   16.100507   11.001788     1.146187    11.458550
   58    1.901321    5.488640   16.100507   11.022721     1.143304    11.531040
   59    4.436415    5.488640   16.100507   10.973269     1.169396    11.559857
   60    6.971509    5.488640   16.100507   11.001049     1.128495    11.460036
   61    0.633774    7.684096   16.100507   10.994775     1.161579    11.499251
   62    3.168868    7.684096   16.100507   11.005833     1.181315    11.574860
   63    5.703962    7.684096   16.100507   10.996239     1.169396    11.498212
   64    8.239056    7.684096   16.100507   10.992193     1.188995    11.543072
   65    5.747028    1.764576   18.188293   10.981143     1.129469    11.377742
   66    8.254510    1.907342   18.251207   10.965384     1.120841    11.176316
   67    0.777057    1.845579   18.214598   10.971524     1.134135    11.250737
   68    3.185995    1.894617   18.171390   10.978797     1.127551    11.494349
   69    7.046497    3.975971   18.201099   10.964009     1.100520    10.922603
   70    9.508256    3.929111   18.167804   10.992314     1.130981    11.137101
   71    1.854675    4.110728   18.107813   10.979107     1.123504    11.357392
   72    4.483639    4.003669   18.245211   10.986529     1.155054    11.796043
   73    8.273463    6.184573   18.156294   10.977732     1.127641    11.315354
   74    0.612256    6.194312   18.096514   10.967587     1.141398    11.168741
   75    3.135841    6.306087   18.237708   10.969208     1.111839    11.548865
   76    5.788279    6.159677   18.111097   10.990069     1.135107    11.501777
   77    9.450568    8.516604   18.210892   10.980534     1.126217    11.527178
   78    1.854198    8.459522   18.133515   10.973734     1.138998    11.405966
   79    4.422137    8.287996   18.224089   10.983718     1.123349    11.514551
   80    6.952912    8.470737   18.142012   10.988866     1.138573    11.560600
   81    5.761083    0.365789   20.220397   11.048369     1.150386    18.045445
   82    8.336536    0.447012   20.308410   11.033964     1.164601    15.824115
   83    0.601274    0.397896   20.162304   11.058094     1.143128    17.854863
   84    3.232123    0.327896   20.209098   11.033526     1.152197    15.577086
   85    7.015620    2.588276   20.218408   11.033594     1.133694    18.618677
   86    9.514817    2.625651   20.277706   10.832070     1.006483    12.508015
   87    2.016414    2.546922   20.197407   11.043741     1.143569    17.442653
   88    4.578887    2.491807   20.218408   11.031841     1.147192    18.323966
   89    8.286665    4.717368   20.158688   11.063463     1.140928    14.477562
   90    0.695863    4.822249   20.120602   11.010368     1.132634    16.556290
   91    3.249940    4.777198   20.268998   11.003782     1.167267    18.060745
   92    5.929677    4.787420   20.138892   11.084608     1.111341    15.915767
   93    9.557305    6.946800   20.163208   11.053690     1.159902    16.753111
   94    1.832082    6.924837   20.221903   10.939010     1.127023    14.142001
   95    4.556031    6.949338   20.240313   10.996309     1.148894    16.339415
   96    7.182358    6.940170   20.200601   11.066307     1.150864    16.012915
   97    9.055925    0.393241   25.499491    7.361500     0.709958    22.194136
   98    1.914706    2.283942    3.618688    7.280920     0.697525    25.752066
   99    8.099180    8.005142    3.008623    7.344891     0.701596    25.370456
  100    4.661653    3.139458    0.726974    7.295792     0.691568    26.039351
  101    8.206567    5.546749   23.445693    7.301507     0.732153    21.345949
  102    0.417094    0.012997    3.824755    7.321208     0.772684    23.379667
  103    7.711686    0.816455    0.647910    7.306214     0.722247    25.780290
  104    9.325070    1.818294    5.861529    7.304883     0.732891    21.320399
  105    2.132156    0.990932   28.855797    7.330638     0.723459    25.051235
  106    2.200654    8.174517   26.697806    7.301015     0.737120    23.524052
  107    4.281774    1.004316    2.815302    7.279929     0.732589    27.599956
  108    0.447049    4.131971   25.700887    7.348666     0.706603    23.146304
  109    0.532096    7.196011    6.350527    7.349124     0.716442    24.637985
  110    3.781742    2.807953   27.764297    7.328084     0.753888    21.492859
  111    0.911387    1.780023   24.536108    7.344102     0.713379    22.517071
  112    8.243082    0.026354    7.721975    7.334317     0.703530    19.267370
  113    4.782415    3.263238    6.556232    7.231884     0.720584    25.009345
  114    4.821060    7.292971    1.269093    7.286620     0.706534    27.227110
  115    6.179840    6.176801   25.039991    7.326884     0.726279    23.414724
  116    3.186613    7.711820    7.563937    7.329677     0.729957    22.338075
  117    5.446772    5.527324    4.066226    7.321689     0.690113    23.030885
  118    1.609014    8.433774    1.207957    7.312658     0.745637    23.160119
  119    5.689603    8.038513    4.438586    7.356789     0.688064    23.670665
  120    8.300061    2.780527   26.614493    7.348554     0.719243    26.125952
  121    2.199711    5.510366   27.438700    7.329888     0.728639    26.494342
  122    9.437811    2.324119   29.111309    7.315597     0.732298    27.162642
  123    6.876200    4.344193    1.832575    7.359698     0.713570    25.301086
  124    5.963789    0.692895   28.454691    7.268656     0.744947    28.907145
  125    2.329356    7.139711   22.803809    7.305710     0.724088    21.456465
  126    4.884397    0.036392   25.751809    7.265513     0.717542    25.411009
  127    2.739656    4.881834    4.059597    7.365197     0.701240    26.568020
  128    5.393139    0.642276    6.562650    7.334336     0.688268    22.075746
  129    9.617823    7.787730   29.852414    7.344124     0.732805    21.393037
  130    2.001639    1.662628    6.719633    7.280632     0.737130    20.892443
  131    9.621555    3.109020   22.404210    7.368252     0.724803    23.602929
  132    9.180053    6.789860   27.174510    7.255248     0.729765    24.561188
  133    6.728525    5.937303    6.604261    7.299011     0.692150    23.104563
  134    0.121522    4.953651    0.286607    7.283587     0.703625    24.179875
  135    4.530710    2.928387   24.972588    7.320291     0.693406    28.730526
  136    8.621440    3.903530    7.378119    7.232181     0.729464    19.187304
  137    2.647054    5.443001    0.214262    7.334308     0.698573    25.346986
  138    6.912381    6.051722   29.695792    7.328700     0.708526    25.551977
  139    5.846566    4.463608   27.499504    7.352449     0.721236    26.123575
  140    0.376857    6.680623   24.514896    7.298665     0.769816    22.000880
  141    3.101130    1.146520   23.395404    7.345495     0.752683    22.258753
  142    1.462253    4.464214    6.572714    7.332098     0.677503    21.221171
  143    7.617613    8.615461   23.322005    7.275801     0.709099    24.937896
  144    4.646564    5.466659   23.124887    7.328863     0.721653    23.836886
  145    8.422729    3.866233    4.134352    7.324739     0.700887    29.319801
  146   10.055198    5.865573    2.939442    7.365557     0.729990    24.180766
  147    8.677080    0.263982   24.610713    0.319073     0.093826     1.685828
  148    9.148851    8.310451   25.798391    0.314480     0.087605     1.696523
  149    2.279131    1.981136    4.439912    0.360928     0.100203     3.254900
  150    2.007866    3.265407    3.641045    0.350071     0.130258     2.218953
  151    0.260719    1.153519   24.857185    0.327872     0.091219     1.469696
  152    7.394008    8.159482    3.630017    0.320046     0.095040     2.133243
  153    3.962728    3.606238    0.329815    0.333791     0.086504     2.645721
  154    4.347920    2.742801    1.553651    0.365385     0.110539     2.942066
  155    8.213827    5.651613   22.478092    0.413717     0.136056     2.478311
  156    8.814148    6.215327   23.866685    0.341175     0.107640     1.975192
  157    0.096658    1.511782    6.072778    0.366869     0.121206     2.150474
  158    0.499718    0.980789    4.050588    0.348341     0.117662     2.168002
  159    0.457747    7.614570    5.474976    0.325255     0.103301     2.117943
  160    8.389935    1.415217    0.278984    0.339376     0.084382     2.405228
  161    4.210345    0.319474    2.101043    0.366710     0.112170     2.690729
  162    9.406913    2.685780    6.323439    0.325338     0.109372     1.745246
  163    1.988112    0.223392   28.304006    0.300718     0.066729     1.989007
  164    2.971475    8.261448   26.126610    0.335133     0.101666     2.411912
  165    1.447813    8.085759   26.072103    0.346206     0.108099     2.510545
  166    2.285813    7.524846    7.285917    0.326255     0.096222     1.905228
  167    3.373906    1.342047    2.703696    0.355728     0.106402     2.375222
  168    5.191325    8.567047    3.857296    0.311558     0.085922     1.613487
  169    9.735340    3.995159   26.086807    0.314732     0.100040     2.179589
  170    1.023722    4.597847   26.322703    0.308002     0.084983     1.741978
  171    9.570092    8.591232    3.828069    0.338113     0.110756     2.173499
  172    0.328538    6.293881    6.261911    0.339416     0.098798     2.734550
  173    3.076905    2.199987   28.193213    0.324263     0.106186     1.811051
  174    3.738940    2.703520   26.791001    0.354528     0.120292     2.530599
  175    6.966196    0.951063    0.023773    0.340536     0.102522     2.432411
  176    0.784896    2.623596   25.150000    0.335704     0.115569     1.924836
  177    8.754918    8.051729    7.491623    0.335424     0.076759     2.492869
  178    4.489621    3.189488    7.471495    0.408958     0.113026     2.686719
  179    5.599405    3.839642    6.726623    0.392206     0.108054     3.203058
  180    4.037908    6.853801    0.927617    0.363355     0.102314     2.557485
  181    5.506884    6.839759    0.709166    0.361754     0.100318     2.389927
  182    6.133823    5.540523   25.757714    0.335108     0.106651     2.250296
  183    6.880824    5.851602   24.436495    0.331251     0.098334     1.597890
  184    8.495699    0.733028    7.022692    0.338556     0.106129     2.053475
  185    3.385263    8.632770    7.346421    0.308862     0.087093     2.013665
  186    5.545478    6.540597    4.161500    0.321401     0.132497     1.362596
  187    6.012655    5.235038    3.357753    0.353465     0.106464     2.035947
  188    2.463483    0.628541   29.706097    0.343321     0.105112     3.163249
  189    1.373281    8.665790    2.128704    0.311147     0.107299     1.948009
  190    1.621527    7.479620    1.109579    0.355083     0.122869     2.733213
  191    5.600672    8.725910    5.189363    0.327347     0.115355     1.676321
  192    8.167445    1.866744   26.356812    0.317526     0.093273     2.382055
  193    2.906699    4.802701   27.387387    0.364480     0.122495     2.831549
  194    0.175226    1.948476   29.186607    0.326821     0.082791     2.662060
  195    2.498406    6.364688   27.118195    0.302671     0.068633     2.331104
  196    8.784771    2.596987   27.426888    0.340953     0.096730     1.933897
  197    9.538018    3.228682   29.470713    0.335844     0.105046     2.701573
  198    6.015505    3.932703    1.538827    0.331558     0.103251     1.883095
  199    7.029218    4.932390    1.126151    0.320749     0.091558     1.829767
  200    5.866837    0.703872   27.501704    0.361843     0.126489     2.747770
  201    2.747768    7.950238   23.147485    0.348125     0.079490     2.401960
  202    5.518910    8.116601   25.415485    0.353684     0.100105     2.683599
  203    5.440809    1.533544   28.664494    0.380295     0.126664     3.034906
  204    4.772426    0.592229   24.957703    0.368387     0.098976     2.966873
  205    2.195959    5.444784    3.549899    0.315383     0.084920     3.186719
  206    3.742965    5.024187    4.064478    0.304038     0.118302     1.852643
  207    5.921889    0.279086    7.252171    0.357571     0.102272     2.411021
  208    0.202615    8.233294    0.281485    0.344734     0.111992     1.819963
  209    5.554189    1.585269    6.593293    0.307064     0.095946     2.144235
  210    8.793623    8.208397    0.080269    0.344102     0.099365     1.892156
  211    2.307159    1.270976   23.940386    0.297302     0.087002     1.313279
  212    1.599837    1.538303    7.605850    0.411918     0.116136     2.761139
  213    2.185738    2.622534    6.650362    0.353709     0.136692     2.088828
  214    9.134168    3.830368   22.780398    0.305440     0.069901     1.991532
  215    9.381177    7.254840   28.039605    0.342197     0.112912     2.235590
  216    6.311502    5.612727    5.718828    0.346885     0.122991     2.063130
  217    8.224373    6.868686   27.100990    0.403943     0.141177     4.630419
  218    0.023424    2.556907   23.051096    0.320270     0.097613     2.072934
  219    6.002373    6.321517    7.080363    0.372880     0.092063     3.605465
  220    0.036921    5.787968   29.879291    0.368613     0.119740     2.592690
  221    9.940835    5.284103    1.117443    0.341201     0.103735     2.015150
  222    3.090929    6.540026   22.778801    0.347641     0.108168     1.911467
  223    8.032588    4.732859    7.142312    0.347458     0.129821     2.125816
  224    1.804947    4.986399    0.491348    0.324209     0.081345     2.401217
  225    9.445822    4.360342    7.768166    0.432894     0.124164     2.866754
  226    4.490686    3.860771   24.624995    0.367220     0.120778     3.168745
  227    2.529040    5.389379   29.421901    0.370393     0.117640     2.258169
  228    7.780904    6.485052   29.533115    0.360656     0.107584     2.465388
  229    6.569139    5.646203   28.916391    0.304562     0.090896     2.015448
  230    7.911624    8.436742    2.171701    0.327215     0.110525     1.938056
  231    6.547216    3.944716   27.063085    0.341212     0.095141     2.586451
  232    0.926131    6.631199   23.648295    0.347690     0.114137     2.333332
  233    5.140989    3.828823   27.782797    0.312015     0.097960     1.550801
  234    0.246198    5.691351   24.780411    0.370644     0.134878     2.147652
  235    2.760870    1.226988   22.463508    0.412170     0.124411     2.807931
  236    4.152576    2.381481   24.297409    0.332111     0.107051     1.908199
  237    1.746974    5.054669    7.230205    0.372998     0.100275     2.877301
  238    1.937938    4.713943    5.753237    0.319419     0.092089     1.897503
  239    7.423780    0.455057   22.575205    0.391851     0.114181     3.439392
  240    7.673994    7.721111   22.923701    0.384984     0.125923     2.583926
  241    5.114928    5.948474   23.874097    0.325429     0.101338     1.704693
  242    5.332145    5.025882   22.563212    0.399600     0.111658     3.569220
  243    7.821415    3.767824    3.406203    0.328658     0.103082     2.470141
  244    8.708657    2.988867    4.314235    0.345669     0.106680     2.903593
  245    9.574047    6.682933    2.790052    0.317724     0.084970     1.841948
  246    9.431402    5.205303    3.297279    0.320724     0.103764     1.899286
 --------------------------------------------------------------------------------
    VACUUM CHARGE:               0.0000
    VACUUM VOLUME:               0.0000
    NUMBER OF ELECTRONS:      1456.0000
