9.659277441625871034e-135
4.137940065004462343e-126
8.912916556658180654e-118
9.652761478200265663e-110
5.256290979411509893e-102
1.439140895340873505e-94
1.981177210407861893e-87
1.371321962009214246e-80
4.772562756201751128e-74
8.351413616374142652e-68
7.347921524531438582e-62
3.250613094910498776e-56
7.230402572800519763e-51
8.086422953731435268e-46
4.547240417386229411e-41
1.285696085613736541e-36
1.827808264197920232e-32
1.306564750479271473e-28
4.696255357297430437e-25
8.488260257170253017e-22
7.715878472497824780e-19
3.528287348208018018e-16
8.120687506015618776e-14
9.418645598458321074e-12
5.519514695694859659e-10
1.644337337648154489e-08
2.527831024187102967e-07
2.084413129072766043e-06
1.020824709578690906e-05
3.697902290195054491e-05
1.241994855366314299e-04
3.806631733633668996e-04
9.810261103737256440e-04
2.195203501247428718e-03
4.483431607359517242e-03
8.434596790243751446e-03
1.467503787552721164e-02
2.374199388793433313e-02
3.528521902774975350e-02
4.782860003135986499e-02
6.049821128278160681e-02
7.321147595327577584e-02
8.531905229656935874e-02
9.613397170661970581e-02
1.057372179684096525e-01
1.150678636582776054e-01
1.260280061091368919e-01
1.402048931627837280e-01
1.577537592431899061e-01
1.772449649151614515e-01
1.963803476866388120e-01
2.138400435074131467e-01
2.276335415843820931e-01
2.354575133703540324e-01
2.368347214806739987e-01
2.323224849166516670e-01
2.231737518971521339e-01
2.117046029825183640e-01
2.003698941425046398e-01
1.900600378405526147e-01
1.815270480006459242e-01
1.765492846254441417e-01
1.751192578667968847e-01
1.749933846261155501e-01
1.746318735572765235e-01
1.741471440753608324e-01
1.735919888910524012e-01
1.719268368024506888e-01
1.681870396132353618e-01
1.627047220335511024e-01
1.564466701648975222e-01
1.499629194493278805e-01
1.431853781758424260e-01
1.358472604185127219e-01
1.286283399898363045e-01
1.220749040083413950e-01
1.154402305501309178e-01
1.085191378138520429e-01
1.022955118434760863e-01
9.731330362133819301e-02
9.327373601446088680e-02
9.011202528958341118e-02
8.771812108384913209e-02
8.581378418773479011e-02
8.476208869864673701e-02
8.466436278380649882e-02
8.448644134360516755e-02
8.406869482138509819e-02
8.419195472941894132e-02
8.430479842430395332e-02
8.388776093055880234e-02
8.368407256218880763e-02
8.366639969149521072e-02
8.344180296367242899e-02
8.305709888331676283e-02
8.221414131493458288e-02
8.096184618229863850e-02
7.995149038791887763e-02
7.943233558558730756e-02
7.908494754107189828e-02
7.903974891002367442e-02
7.947509462673578440e-02
8.011153244443453003e-02
8.074154952775776384e-02
8.144507320542422601e-02
8.239224857638086097e-02
8.362363292051352981e-02
8.511110350175803141e-02
8.677283009355404864e-02
8.905501290843512163e-02
9.234400463910186208e-02
9.609282901888605011e-02
9.930287815017824204e-02
1.015244563656923088e-01
1.038085971792482159e-01
1.078939748975192708e-01
1.132192862597028588e-01
1.176056614552113411e-01
1.207301301834127899e-01
1.236513934062997006e-01
1.267760516443239838e-01
1.299939202810218020e-01
1.327368275384269436e-01
1.343879291008761578e-01
1.354963156912143141e-01
1.367896847176331698e-01
1.382605058999274716e-01
1.391662796318280104e-01
1.389801118715237038e-01
1.386362340691330852e-01
1.386285774731571829e-01
1.380959430250565945e-01
1.367890921036561680e-01
1.352364536813710216e-01
1.337474956424626604e-01
1.320678662077876819e-01
1.298635436015551647e-01
1.275720791135083187e-01
1.257719648891592046e-01
1.239174448278768936e-01
1.209681184962211054e-01
1.170570299200420633e-01
1.135234848944955410e-01
1.112268938839089949e-01
1.095452784039860211e-01
1.076827833528537087e-01
1.059089511777391024e-01
1.041827621930161429e-01
1.019848892052666045e-01
9.974617284135137152e-02
9.781874449827668294e-02
9.594953896285998707e-02
9.463399900214669591e-02
9.435011063018100552e-02
9.462193131984086847e-02
9.455025500623191748e-02
9.400923600959242010e-02
9.357890755033802799e-02
9.383286970998862275e-02
9.501538396516966134e-02
9.621168958841896934e-02
9.629605930547047166e-02
9.552430671405298668e-02
9.507992332619775999e-02
9.580820779271527476e-02
9.737923414557538015e-02
9.910463890501866602e-02
1.006982438594832413e-01
1.018610449471685220e-01
1.028571533840014207e-01
1.042831935374650826e-01
1.054841687245896414e-01
1.057172199200577256e-01
1.058013570789015229e-01
1.065590310024749354e-01
1.073983784619329529e-01
1.076881096125230919e-01
1.076565493620828540e-01
1.079357936369495646e-01
1.087082253001928067e-01
1.090264995071087289e-01
1.089548682470681124e-01
1.096119736567865016e-01
1.108914093801146444e-01
1.122474668973278550e-01
1.133790011331809178e-01
1.141111551451430145e-01
1.148922563434258692e-01
1.154059989061214653e-01
1.146695816803769141e-01
1.135085465846831371e-01
1.133320688101019796e-01
1.139065074699518870e-01
1.138711985665632614e-01
1.128622639370215064e-01
1.118069011483899117e-01
1.098373370319988412e-01
1.005064635434265025e-01
7.484456487620382015e-02
